-6.167028781	0.005066566
-6.235717142	0.005395219
-5.776589702	0.006381178
-6.226186221	0.005723872
-6.254450332	0.005723872
-5.688510858	0.006709832
1.697960956	0.139485733
5.247763186	0.037931886
3.788203537	0.120752499
2.962622527	0.226907502
1.409074221	0.331090598
1.986190509	0.436916973
4.879997096	0.535512987
4.037981494	0.64331131
5.224757255	0.747823112
3.380342693	0.853649543
2.626408963	0.948301766
1.140235478	1.048212459
1.191834104	1.148780473
1.383110572	1.187561606
5.435425896	1.219769667
5.35128989	1.26348061
5.346360046	1.306205594
5.606655868	1.386068456
5.034465389	1.519830554
3.793462019	1.568799977
3.694208181	1.596078248
2.22347879	1.600350748
4.230244876	1.631901521
4.463261626	1.756790011
4.359735129	1.778152518
4.624631546	1.784396943
5.78182979	1.780781749
4.993054735	1.910600078
4.509930722	1.9612128
4.711068003	1.952996449
3.899617637	1.997693401
5.462704371	2.071311918
4.81459458	2.078542308
5.269125837	2.071969226
5.643794048	2.129155044
4.470492049	2.142629864
5.948130056	2.169908159
4.536223172	2.227751294
5.386456109	2.197843763
5.516275356	2.245169967
5.95075931	2.304327726
4.894786611	2.268504416
5.869252451	2.228737257
4.553970576	2.303999072
5.991512746	2.328976794
4.599325058	2.289209632
5.815352763	2.232352453
5.615858249	2.360527603
5.812066197	2.354283172
5.062729806	2.294468099
5.236588876	2.398651499
6.051656937	2.400294771
5.06075787	2.337850459
5.00159979	2.478514496
5.510030885	2.434803472
5.40847608	2.374331082
4.664070232	2.387805908
4.678202428	2.471284101
5.826198431	2.406539202
4.651581314	2.336207188
6.02569305	2.525840722
4.663084264	2.442691175
6.072362316	2.363156837
4.839572424	2.477199879
4.753135942	2.468654866
4.774169913	2.403581313
4.770226044	2.499219719
4.652567281	2.494947213
4.785015555	2.44762099
4.789616737	2.504806843
4.662426953	2.479829113
4.787316146	2.524854758
5.720042357	2.500534337
4.781400341	2.500534337
5.725958174	2.543588057
5.601397365	2.478514496
5.330584547	2.524854758
5.222456662	2.548189218
5.144236507	2.480486422
5.953059907	2.388463216
4.74163299	2.572180988
4.817223826	2.500862991
4.758394435	2.409825745
6.003673046	2.587627744
4.667685445	2.516967054
6.110486509	2.420342682
4.80670684	2.593214869
5.167571089	2.524854758
6.104899343	2.499877028
5.796947993	2.602417192
5.346688702	2.537343624
5.72069967	2.443348484
5.397959079	2.614577405
4.755765189	2.54753191
4.900045105	2.521896869
5.931368564	2.621150493
5.371337921	2.562650011
4.954930644	2.605046427
4.857648496	2.633639361
4.882626343	2.599130648
5.742719658	2.607347008
4.676559149	2.602745846
6.031608872	2.600445265
4.749520729	2.603731809
6.033580813	2.582697928
4.80506356	2.667490766
4.718955741	2.586970435
4.742947613	2.520582252
5.477493906	2.586970435
5.448243492	2.577439458
5.888643194	2.500534337
6.101941431	2.592228905
5.25170706	2.586313126
4.920750428	2.506778769
5.751922042	2.590585633
5.940899608	2.584998509
5.95075931	2.50612146
6.030294245	2.609976243
5.304292049	2.583355237
4.70745279	2.505792806
5.724314892	2.58729909
5.525806391	2.580068693
4.868822796	2.50612146
4.749520729	2.597158721
4.706466822	2.58959967
5.449229461	2.512694547
5.233959627	2.58959967
5.16921437	2.625751655
6.098326206	2.520910906
5.285887302	2.608661625
4.739332399	2.605703736
5.019675869	2.525840722
4.782386309	2.575138877
4.908918815	2.557720195
4.790274048	2.523868795
5.393686547	2.584998509
6.108185911	2.575467532
5.21325429	2.602088537
5.032493453	2.560678084
5.878783494	2.530770537
6.005973643	2.608004317
5.222785318	2.537343624
4.828069469	2.441376558
4.695621182	2.623451074
4.702522953	2.548189218
6.084193962	2.450250224
5.252693028	2.627394927
4.75412191	2.551147108
4.742618957	2.506778769
5.467634216	2.627066272
6.037196037	2.54983249
5.193534922	2.536029007
4.91812118	2.629038199
0.863837802	2.57908273
3.461849105	2.520582252
4.210196896	2.610304897
4.939155159	2.522882832
3.523636233	2.512365893
4.746891482	2.586313126
4.522748291	2.505792806
4.042582668	2.504478189
3.372454977	2.561335393
3.317898273	2.498562411
4.070189713	2.51368051
3.029996726	2.505135497
4.358091852	2.487716817
3.062533537	2.481472385
3.560116934	2.444991755
4.163199175	2.441705212
3.48288302	2.442362521
3.912106534	2.368086651
3.04445753	2.383862056
2.76641576	2.419028065
3.432927474	2.337850459
2.694440431	2.254700939
2.678665017	2.35724106
3.030654035	2.330620066
2.416727485	2.252400359
2.508750695	2.325361598
3.606128632	2.31780255
3.692893561	2.245827275
3.600212842	2.158076609
3.150612995	2.299397913
3.588052607	2.238596883
2.399308808	2.163006421
2.289209632	2.243198042
2.787778303	2.231037836
3.432927474	2.163992384
2.441047904	2.09859021
2.391749759	2.224136098
1.815947724	2.171222776
1.835995618	2.098261555
2.447949644	2.172537392
3.051359278	2.169908159
2.850551317	2.109435796
1.773222708	2.078213654
1.850785047	2.124553886
1.565513439	2.116666187
2.822287027	2.054221904
2.269161724	2.087087315
1.466917289	2.064738836
2.235967649	2.056851137
2.076570384	2.073283842
1.586218632	2.054550558
1.195777948	2.000322634
1.300947134	2.006238407
1.956282989	2.021027841
1.851113701	1.953325103
1.14582259	1.939850287
2.461753125	1.968771843
2.381561476	1.963513378
1.114600493	1.905998921
1.059386682	1.839282157
1.2493485	1.964170687
0.858250692	1.928018741
1.39165557	1.868861017
1.864917169	1.83205177
0.936470237	1.925718163
1.354846349	1.891866798
0.687679526	1.835995618
0.636409588	1.773551362
1.016990366	1.89449603
2.004923791	1.857358127
1.06826033	1.805759451
1.662466333	1.746273084
1.687772685	1.842240043
1.777823864	1.823506766
0.961119255	1.778809826
1.071546866	1.72425327
1.592134402	1.774865978
0.310714092	1.794585216
0.684064338	1.753174817
0.205216385	1.701576149
1.435695177	1.697632302
1.277941374	1.742329237
0.509220716	1.729183079
0.589083494	1.685472107
0.209817531	1.635516714
0.488515553	1.67396922
1.283528487	1.703548073
0.232823261	1.666081526
0.223292315	1.644719023
0.101690611	1.658522487
1.019948248	1.617769404
0.051735321	1.632887483
-0.418238657	1.607581134
-0.477724858	1.595749594
-0.274945917	1.590819786
0.911163913	1.558611708
0.735005626	1.569128631
0.542086056	1.555653823
-0.655854786	1.612839596
0.398793184	1.523117092
-0.824453749	1.485650556
-0.229591788	1.463959404
-0.052447742	1.493866902
-0.704495425	1.462973443
0.008024444	1.461330174
-0.562517337	1.426492871
0.37578745	1.390012301
0.256814951	1.351888465
0.257472257	1.420248449
-0.824782402	1.417947873
-0.737360721	1.387054417
-0.73834668	1.353531734
-0.731773621	1.318365782
-0.018925118	1.3374277
-0.425140372	1.344658082
-0.983521753	1.346301351
-1.190573048	1.315407899
-0.880653398	1.283857141
-0.147757159	1.250334462
-1.560964723	1.301933096
-0.32424388	1.32165232
-1.246115374	1.283199833
-1.501807231	1.256907536
-1.718060717	1.227328702
-1.043007923	1.196763909
-1.137988596	1.230943893
-0.816237426	1.223056204
-1.503450495	1.233901776
-1.571810263	1.200050446
-0.981878489	1.172772191
-1.961920993	1.144836629
-1.345368517	1.123145488
-0.857647694	1.170142961
-1.020002222	1.169157
-2.078921327	1.148123165
-1.698998861	1.126760678
-1.599745744	1.10079704
-1.012114553	1.073847442
-2.274140967	1.0791059
-2.291230901	1.095538581
-2.268225221	1.07549071
-1.691768502	1.060701297
-1.956662551	1.054785531
-1.360486545	1.0337517
-1.935300129	1.009431333
-1.483402677	1.021262863
-2.621855359	1.030465164
-1.821914963	1.012389215
-2.700403309	0.995627882
-1.990842424	0.995627882
-1.647071734	0.976894627
-2.016477329	0.954874837
-2.815760334	0.939756773
-2.094368	0.956846759
-1.930041687	0.947644459
-1.759799608	0.928911205
-2.505512365	0.907548724
-2.755616929	0.904262188
-2.789468135	0.891773353
-2.451284697	0.873697408
-2.140708017	0.871396834
-2.699746004	0.874026062
-2.708290969	0.853320889
-3.034971533	0.84871974
-3.295921571	0.830972449
-3.312354192	0.811910545
-3.378413329	0.816183041
-3.123707694	0.799093058
-2.353346236	0.789562106
-3.351463831	0.786604225
-3.297893486	0.777401927
-3.20652811	0.758668677
-2.608380606	0.737963508
-3.639691992	0.72021622
-2.618568834	0.714300457
-3.201598323	0.695895863
-3.29033448	0.682092417
-3.006378769	0.663687824
-3.359351489	0.665002438
-3.401090346	0.66138725
-3.589079523	0.655471488
-3.204556195	0.641668043
-3.23084839	0.626878638
-3.785285	0.61274654
-4.106049718	0.599600403
-3.755377633	0.585139652
-3.985762951	0.571007556
-3.934821833	0.558847379
-4.022243364	0.544715283
-3.77279621	0.538142215
-3.351463831	0.535184334
-3.491469759	0.549645084
-3.423767362	0.542414709
-4.048864206	0.52992588
-4.029145064	0.520394931
-4.399536277	0.506591489
-4.487943761	0.493774007
-4.54644388	0.479970565
-4.562219193	0.467481736
-4.355496861	0.454992908
-3.7438748	0.443161387
-4.603958043	0.431329866
-4.357468775	0.418841039
-4.125111555	0.408652785
-4.293052913	0.404380291
-4.79063258	0.399450491
-4.548087142	0.391234157
-4.097504757	0.402408371
-4.373901393	0.389590891
-4.766969611	0.38071725
-4.85340518	0.37085765
-4.636165973	0.361655357
-4.666073338	0.351795757
-5.050925248	0.342593464
-5.065385952	0.333062517
-5.036793197	0.324188878
-4.834671996	0.314329278
-4.387704792	0.304798332
-4.977307119	0.296253346
-5.162009747	0.285407787
-5.170554708	0.277520108
-5.002284699	0.269961082
-4.844860219	0.26174475
-4.689736307	0.252213804
-5.149849609	0.244983432
-5.315819055	0.236109793
-5.114683806	0.226907502
-5.368403435	0.218362516
-5.423617034	0.210146184
-4.900073815	0.205545039
-5.442678872	0.197000054
-5.575125783	0.188783722
-5.592215707	0.179252777
-5.49756382	0.172679712
-5.238585748	0.167092607
-5.596816841	0.157890315
-5.082147222	0.15328917
-5.312532532	0.143100919
-5.661890014	0.132255362
-5.821615081	0.123381725
-5.757856515	0.114179434
-5.431504691	0.106291756
-5.9195535	0.095117546
-5.395024278	0.086901215
-5.351313512	0.078356232
-5.561979687	0.068825288
-5.981011503	0.059622998
-5.576440393	0.051735321
-6.11312978	0.042533031
-5.851851103	0.033988047
-5.81865721	0.025114411
-6.145666372	0.017555387
-6.209424946	0.009996364
-5.96293562	0.005395219
-6.107871341	0.002765993
-6.045756031	0.001122727
-6.264967211	0.000136768
-6.260037424	0.001122727
-6.237360405	0.002765993
-6.080921841	0.004080606
-5.694097949	0.005395219
-6.244262106	0.005395219
-5.786449274	0.005723872
-5.975095759	0.006381178
-5.774289135	0.005395219
-6.128905097	0.006052525
-5.794008279	0.004737912
-5.747010985	0.005723872
-6.084537018	0.005395219
-6.171301262	0.005395219
-6.155197293	0.005395219
-5.920210805	0.005066566
-6.093739286	0.005066566
-6.028337452	0.0034233
-5.659589448	0.005723872
-5.870912943	0.005723872
-6.015191355	0.005395219
-5.901148965	0.006381178
-5.713488441	0.005066566
-6.174587787	0.005395219
-6.191349062	0.005395219
-6.255436289	0.005723872
-6.159469774	0.005395219
-5.913309104	0.006052525
-6.103927512	0.004409259
-5.745367723	0.005395219
-6.154211335	0.005395219
-6.232101965	0.005395219
-5.69278334	0.005723872
-6.182804098	0.003751953
-6.168014738	0.004737912
-5.849879189	0.005723872
-6.246234021	0.005066566
-5.92908442	0.005395219
-5.88011521	0.005395219
-6.248205935	0.005066566
-5.864339895	0.006052525
-5.670434977	0.005066566
-6.225857569	0.005395219
-5.800581327	0.005723872
-6.244262106	0.004737912
-6.165385518	0.004737912
-6.199565373	0.004409259
-6.2367031	0.004737912
-6.246891326	0.005395219
-6.250506503	0.004409259
-5.680951853	0.005066566
-5.988570509	0.006052525
-6.229144093	0.005395219
-6.204166507	0.005723872
-6.133834884	0.005395219
-5.938615341	0.005723872
-5.671420934	0.005395219
-5.793350974	0.005723872
-6.141722542	0.005395219
-6.013219441	0.005723872
-6.116744957	0.005066566
-5.663861929	0.005066566
-5.661561362	0.005395219
-5.663204624	0.005395219
-5.904435489	0.005395219
-5.655316966	0.005723872
-6.188062537	0.005395219
-5.755555948	0.004409259
-5.660246752	0.005066566
-5.728935103	0.006381178
-5.663204624	0.006381178
-6.188062537	0.004737912
-5.916595629	0.005395219
-6.231773313	0.005723872
-5.738137371	0.005723872
-6.179517573	0.005395219
-6.208110336	0.004737912
-6.191677714	0.005066566
-6.248534588	0.005723872
-6.122660701	0.005395219
-5.74766829	0.005723872
-6.225528916	0.005723872
-6.214354733	0.005395219
-5.764429563	0.005066566
-5.655316966	0.005395219
-5.694755254	0.005723872
-5.66813441	0.005066566
-6.217312605	0.005395219
-5.845606707	0.005395219
-6.232430618	0.005066566
-6.248534588	0.005066566
-6.154539988	0.005066566
-6.18444736	0.004409259
-6.251821112	0.004737912
-6.107542689	0.005066566
-5.771002611	0.006381178
-6.182804098	0.005066566
-5.668791715	0.005066566
-6.19792211	0.004737912
-6.012890788	0.005066566
-6.124961268	0.005395219
-6.066461134	0.006052525
-5.706258088	0.006052525
-6.244590759	0.005723872
-5.757856515	0.005395219
-5.724991275	0.005395219
-6.241304234	0.005066566
-6.25017785	0.005066566
-6.103270207	0.005723872
-5.704286173	0.006381178
-6.241961539	0.004737912
-5.652687747	0.004737912
-5.998430082	0.005395219
-6.193649629	0.005395219
-6.205481117	0.005066566
-5.77494644	0.005066566
-6.129891055	0.005723872
-5.784806012	0.005066566
-5.714474398	0.005395219
-5.972795192	0.006052525
-5.990871076	0.005723872
-5.76410091	0.006381178
-5.968522711	0.004409259
-5.889974783	0.005395219
-6.119374177	0.005395219
-6.031295324	0.006052525
-5.690482773	0.006052525
-6.230458703	0.004080606
-5.70790135	0.005066566
-6.199894025	0.005066566
-6.191349062	0.004409259
-6.220599129	0.004409259
-6.219941825	0.004737912
-5.887674216	0.005395219
-6.223557002	0.004409259
-5.94124456	0.004737912
-6.007632349	0.005723872
-6.241304234	0.004080606
-6.145337719	0.005395219
-5.663204624	0.005395219
-5.999416039	0.006381178
-6.087823543	0.006381178
-6.075006098	0.006052525
-5.771002611	0.005395219
-6.15486864	0.004409259
-5.79006445	0.005395219
-6.210739556	0.005395219
-6.220270477	0.004409259
-5.660904057	0.006052525
-5.900163008	0.005723872
-6.163084951	0.004409259
-5.740437937	0.006052525
-6.134820841	0.005395219
-6.239989624	0.005066566
-6.166371476	0.005723872
-6.031623977	0.005723872
-5.948146261	0.006052525
-6.124632616	0.006381178
-5.797623456	0.005395219
-5.883730387	0.006052525
-6.231773313	0.005395219
-6.221585087	0.004409259
-6.252149765	0.005066566
-6.175902397	0.005066566
-5.945845694	0.006052525
-6.171301262	0.005723872
-6.133177579	0.004737912
-6.13876467	0.004409259
-6.250835155	0.005066566
-6.07664936	0.005723872
-5.682266463	0.006381178
-6.245905368	0.005723872
-5.999087386	0.004737912
-5.747010985	0.005723872
-6.186419275	0.004737912
-6.165714171	0.005395219
-5.861382023	0.006052525
-6.222571044	0.005395219
-5.693111992	0.004080606
-5.668463062	0.005723872
-5.753255381	0.005395219
-5.72301936	0.005395219
-5.788421188	0.005395219
-6.078292622	0.005723872
-6.108857299	0.004080606
-5.83640444	0.005395219
-6.126933183	0.005066566
-6.246891326	0.005395219
-5.930727683	0.006052525
-6.197264806	0.005395219
-5.757527862	0.005395219
-6.235059837	0.005066566
-5.669449019	0.005395219
-5.805511113	0.006381178
-6.097354463	0.006052525
-6.178860269	0.005395219
-6.189377147	0.005395219
-6.014862703	0.006052525
-6.105899427	0.005723872
-6.025708233	0.006052525
-6.25149246	0.005066566
-6.246234021	0.005395219
-6.195621543	0.005395219
-6.060545391	0.005395219
-5.666162495	0.005723872
-6.173601829	0.006052525
-5.725648579	0.005395219
-6.059230781	0.006381178
-5.655316966	0.005723872
-6.233416575	0.005723872
-5.69968504	0.005395219
-6.192006366	0.005066566
-6.153882683	0.004080606
-6.231116008	0.004737912
-6.164728213	0.005395219
-6.196278848	0.004409259
-6.105570774	0.003751953
-6.197593458	0.004409259
-6.218955867	0.004737912
-6.064160567	0.005723872
-5.687524901	0.005395219
-6.07402014	0.005723872
-6.245576716	0.004409259
-6.245905368	0.005395219
-5.803867851	0.005066566
-5.947160304	0.004737912
-6.180503531	0.003751953
-6.247548631	0.005395219
-6.067775744	0.004409259
-5.6530164	0.005723872
-6.113787085	0.005395219
-6.230458703	0.004737912
-5.654002357	0.005723872
-6.210410904	0.004409259
-6.106885384	0.005066566
-5.757856515	0.005066566
-5.936643426	0.005395219
-6.202851897	0.004737912
-6.247548631	0.004080606
-6.056601561	0.005723872
-5.654659662	0.005395219
-6.14139389	0.005395219
-6.091767372	0.005066566
-5.655974271	0.005723872
-5.720390141	0.004737912
-6.176559701	0.004080606
-6.193320976	0.004737912
-5.975753064	0.005723872
-6.000073344	0.006052525
-6.016177313	0.005395219
-6.253135722	0.004737912
-6.230458703	0.005066566
-6.249520545	0.005395219
-6.160127079	0.005066566
-5.980354198	0.006052525
-5.968522711	0.005395219
-6.226843526	0.005723872
-5.700013692	0.005395219
-6.047070641	0.006052525
-6.25149246	0.005723872
-6.246234021	0.004737912
-6.23538849	0.005066566
-6.122989353	0.004737912
-5.690482773	0.005395219
-6.234731185	0.005066566
-6.221913739	0.005723872
-6.138107366	0.004080606
-6.186419275	0.004409259
-6.242618844	0.004737912
-5.978382284	0.006381178
-5.794994236	0.004737912
-6.004674478	0.005395219
-6.246234021	0.005066566
-6.130548359	0.004080606
-5.990213771	0.003751953
-6.248205935	0.005723872
-6.17228722	0.005723872
-5.932370945	0.006052525
-6.066461134	0.004409259
-5.736165456	0.005723872
-6.142051195	0.005395219
-6.171301262	0.005395219
-5.749311552	0.005395219
-5.778232964	0.005723872
-5.695412559	0.005066566
-6.042140854	0.005066566
-6.010261569	0.005723872
-6.177874311	0.005395219
-5.939272645	0.005723872
-6.214683385	0.005066566
-6.250506503	0.005066566
-6.247548631	0.005066566
-6.249520545	0.005723872
-6.146980982	0.006052525
-5.863025285	0.005723872
-6.163084951	0.004409259
-5.693111992	0.005723872
-6.108199994	0.006381178
-5.655316966	0.006052525
-6.085522976	0.005395219
-5.732221627	0.005066566
-6.137121408	0.005066566
-5.711516526	0.005395219
-6.125618573	0.006052525
-6.244590759	0.005395219
-6.187405232	0.006381178
-6.246562673	0.004409259
-5.755555948	0.005395219
-6.159141122	0.006052525
-6.249520545	0.005395219
-6.251821112	0.004737912
-6.188062537	0.005066566
-6.107871341	0.006052525
-5.683581072	0.005723872
-6.227172179	0.005066566
-6.196936153	0.005395219
-6.247877283	0.004409259
-6.202194592	0.005066566
-6.077635317	0.005723872
-5.672406891	0.005723872
-6.128576445	0.005395219
-6.163742256	0.004737912
-6.129891055	0.004737912
-6.247877283	0.005395219
-5.65860349	0.005395219
-5.914295062	0.006709832
-6.186090622	0.005395219
-6.247548631	0.005066566
-6.129562402	0.005395219
-5.851851103	0.006052525
-6.138107366	0.004737912
-5.658932143	0.005395219
-5.994814905	0.004409259
-5.669120367	0.006052525
-6.028994757	0.006052525
-6.147638286	0.006052525
-6.171958567	0.005723872
-6.072705531	0.005723872
-5.735836804	0.004737912
-5.840348269	0.006052525
-6.241304234	0.005066566
-5.988241856	0.004737912
-6.14007928	0.005066566
-6.243604801	0.005723872
-6.192663671	0.005395219
-6.061531348	0.005066566
-5.802553242	0.004409259
-5.882415777	0.005723872
-5.757527862	0.004737912
-6.126275878	0.005395219
-6.151910768	0.005723872
-6.104584817	0.005066566
-5.671420934	0.005066566
-6.223557002	0.005395219
-6.062188653	0.004737912
-6.091110067	0.005066566
-5.707244045	0.005395219
-6.109514603	0.006381178
-5.822272386	0.006052525
-5.896547831	0.005395219
-6.083222408	0.005395219
-6.095053896	0.004409259
-5.743395809	0.005066566
-5.804853809	0.004737912
-6.218298562	0.004737912
-5.716446312	0.006052525
-6.116744957	0.004409259
-5.894575917	0.005723872
-6.248205935	0.005066566
-6.197264806	0.004409259
-6.228486788	0.005723872
-6.214354733	0.005723872
-5.916266976	0.005395219
-5.788421188	0.004737912
-5.676679372	0.006052525
-5.677336677	0.005066566
-6.242947496	0.005066566
-6.056930214	0.005723872
-5.685881639	0.005066566
-6.051671775	0.005066566
-6.233745228	0.004737912
-6.248205935	0.004409259
-5.741095242	0.005066566
-6.24886324	0.004737912
-5.975095759	0.005395219
-6.08749489	0.005723872
-5.805182461	0.005395219
-6.152568073	0.005723872
-6.246891326	0.004737912
-6.038525678	0.006052525
-5.714474398	0.006052525
-6.244262106	0.005066566
-5.6530164	0.006052525
-6.023079014	0.006381178
-6.230130051	0.004737912
-6.248205935	0.005395219
-6.183461403	0.005066566
-6.000401996	0.006052525
-6.12528992	0.005066566
-6.181818141	0.005723872
-5.752926729	0.004737912
-5.660575405	0.005395219
-5.667148453	0.006052525
-5.79137906	0.006052525
-6.229144093	0.004737912
-5.668791715	0.005723872
-6.013876746	0.004737912
-5.886688259	0.006381178
-5.972795192	0.006052525
-6.067775744	0.006052525
-6.034253196	0.005395219
-5.687524901	0.005723872
-6.249849198	0.004737912
-5.713159788	0.005723872
-5.760157082	0.006052525
-5.701328302	0.004737912
-5.848235927	0.004409259
-6.23407388	0.004409259
-6.121346091	0.004737912
-5.673392848	0.006381178
-6.23275927	0.005066566
-6.159469774	0.004737912
-6.084537018	0.004737912
-6.172615872	0.005066566
-6.153225378	0.005723872
-5.778232964	0.005066566
-5.819314514	0.005395219
-6.176559701	0.005066566
-6.241632886	0.004409259
-6.227172179	0.005395219
-6.060545391	0.005395219
-5.83377522	0.004737912
-5.923497329	0.004737912
-6.036882416	0.005723872
-6.174587787	0.004409259
-5.847907274	0.005066566
-5.872884857	0.005066566
-6.229472746	0.004737912
-6.091767372	0.005723872
-5.674707458	0.005723872
-6.254450332	0.004737912
-5.648415266	0.006052525
-5.995800862	0.006052525
-6.231116008	0.005395219
-6.25280707	0.004737912
-6.186747927	0.005066566
-6.061531348	0.005066566
-5.69837043	0.005395219
-6.01453405	0.004737912
-6.191677714	0.005066566
-6.232430618	0.004737912
-6.226514874	0.005723872
-6.041812202	0.006052525
-5.678979939	0.006381178
-6.242618844	0.005395219
-6.126933183	0.004737912
-5.940258603	0.005395219
-6.105899427	0.005395219
-6.06580383	0.004737912
-5.654988314	0.005723872
-5.846592664	0.005395219
-6.06448922	0.006052525
-6.04148355	0.005395219
-5.876171382	0.005723872
-5.857766846	0.004409259
-5.960635053	0.005066566
-5.833446568	0.004409259
-6.169329348	0.004737912
-6.23407388	0.004737912
-5.885702302	0.005395219
-6.134163536	0.005066566
-5.781519488	0.005723872
-6.142379847	0.005395219
-6.251163808	0.005066566
-5.715131703	0.005066566
-6.076320707	0.005723872
-6.245248063	0.005066566
-6.25149246	0.004080606
-6.137121408	0.005723872
-5.883730387	0.005723872
-6.029980715	0.005395219
-5.772645873	0.005395219
-6.250835155	0.005066566
-6.244590759	0.005066566
-6.235717142	0.005066566
-6.082565104	0.005066566
-5.662218667	0.005395219
-6.247219978	0.005066566
-5.905092794	0.005395219
-6.027680148	0.005066566
-6.090781414	0.004409259
-6.222571044	0.005066566
-6.236374447	0.005395219
-6.128247792	0.005723872
-5.68325242	0.005395219
-6.240646929	0.004409259
-6.015191355	0.004737912
-5.84330614	0.005395219
-6.081579146	0.005066566
-5.832789263	0.005066566
-6.248534588	0.004080606
-5.95209009	0.005723872
-6.034253196	0.004737912
-5.733536237	0.006052525
-6.123646658	0.004409259
-6.237689057	0.005723872
-6.224214306	0.005066566
-6.101955597	0.005723872
-6.249520545	0.005723872
-6.245905368	0.005066566
-6.241961539	0.004737912
-6.108857299	0.005395219
-5.782834097	0.005395219
-6.213368776	0.005066566
-5.676022067	0.005395219
-6.167028781	0.004409259
-6.249520545	0.004409259
-6.069090354	0.005723872
-5.663204624	0.005395219
-6.244262106	0.005395219
-6.028666105	0.005395219
-5.940258603	0.004737912
-6.150267506	0.005066566
-6.219613172	0.005395219
-5.782176793	0.005066566
-6.083551061	0.005066566
-6.249191893	0.004409259
-6.145337719	0.005066566
-5.781519488	0.005066566
-6.225528916	0.004737912
-5.700670997	0.004737912
-5.661561362	0.005066566
-6.246562673	0.005395219
-6.247548631	0.005723872
-6.185104665	0.005066566
-6.087166238	0.006052525
-5.679965896	0.005723872
-6.15618325	0.006052525
-6.147309634	0.004409259
-6.233087923	0.005395219
-6.228486788	0.005066566
-5.927769811	0.006052525
-6.186090622	0.004737912
-5.673064196	0.005723872
-6.057587519	0.005723872
-6.212711471	0.005395219
-6.23144466	0.004737912
-6.087166238	0.005723872
-6.245248063	0.004737912
-6.20186594	0.005723872
-6.069747659	0.004409259
-6.099983683	0.004737912
-6.248534588	0.005066566
-6.007961002	0.006052525
-5.666491148	0.005723872
-6.242618844	0.005395219
-5.86368259	0.005395219
-6.173930482	0.005066566
-5.753584033	0.006052525
-6.222899697	0.005395219
-5.660575405	0.005723872
-6.05232908	0.005723872
-6.234731185	0.005395219
-6.238675014	0.004737912
-6.056601561	0.005723872
-6.175573744	0.004409259
-5.897205136	0.006381178
-6.243933454	0.004737912
-6.11181517	0.004080606
-6.219613172	0.005723872
-6.236374447	0.005395219
-6.047399293	0.005395219
-5.733864889	0.005066566
-6.169000695	0.005395219
-5.788421188	0.004409259
-6.005331782	0.004737912
-6.224871611	0.005066566
-6.199565373	0.006052525
-6.063831915	0.005723872
-5.773303178	0.005395219
-5.879786558	0.005395219
-6.080593189	0.005395219
-5.659589448	0.006052525
-5.725648579	0.005723872
-5.760814386	0.005395219
-5.662547319	0.005723872
-6.215669343	0.005395219
-5.827859477	0.005723872
-6.242290191	0.005066566
-6.244590759	0.004737912
-6.25412168	0.005395219
-6.192663671	0.005395219
-6.143694457	0.005723872
-5.837719049	0.006052525
-6.191020409	0.005066566
-5.674050153	0.005395219
-6.133177579	0.005066566
-6.247877283	0.005066566
-5.713159788	0.005395219
-5.889974783	0.005723872
-5.88142982	0.004737912
-5.987255899	0.005723872
-6.222571044	0.004737912
-6.046084684	0.005395219
-6.174587787	0.004737912
-6.211396861	0.004737912
-6.236374447	0.005723872
-5.649401223	0.005066566
-6.094067939	0.005066566
-6.245905368	0.005066566
-6.021764404	0.005395219
-5.822272386	0.004409259
-6.011576179	0.005723872
-6.243604801	0.005066566
-6.249191893	0.005395219
-5.756870557	0.006052525
-6.131862969	0.004409259
-5.891946697	0.005723872
-6.246891326	0.005066566
-6.243604801	0.005395219
-6.246234021	0.005066566
-6.137778713	0.005723872
-5.887674216	0.006381178
-5.973123845	0.005066566
-5.74766829	0.005066566
-6.249520545	0.005723872
-6.025708233	0.005723872
-5.664190581	0.005395219
-6.151582116	0.005723872
-5.88142982	0.005066566
-5.7558846	0.005066566
-6.212711471	0.004409259
-5.6668198	0.005723872
-6.130548359	0.004409259
-6.104256164	0.005723872
-5.766072825	0.005395219
-5.811426857	0.005395219
-6.14007928	0.005723872
-6.239332319	0.005395219
-5.988241856	0.005723872
-5.908379318	0.005723872
-5.685552987	0.006052525
-6.245905368	0.005395219
-5.697055821	0.006052525
-6.218298562	0.005395219
-6.133177579	0.004080606
-6.171958567	0.004080606
-6.244919411	0.004737912
-6.174916439	0.004737912
-5.740109285	0.005723872
-6.173601829	0.005395219
-5.683909725	0.005395219
-6.190691757	0.005723872
-6.201537287	0.005395219
-6.250506503	0.005395219
-6.165385518	0.005395219
-6.245576716	0.005395219
-6.049042555	0.005395219
-6.252149765	0.005723872
-6.209753599	0.004737912
-6.175573744	0.004409259
-6.245248063	0.004737912
-6.127590488	0.004737912
-5.898191093	0.005723872
-6.150924811	0.004409259
-6.165714171	0.004737912
-5.696398516	0.006052525
-5.659589448	0.005066566
-5.751283467	0.005066566
-6.245576716	0.005395219
-5.848893231	0.006052525
-6.20055133	0.005066566
-5.694755254	0.005723872
-5.975095759	0.005395219
-5.952418742	0.006052525
-5.896219179	0.005395219
-5.980025546	0.006052525
-6.237689057	0.004737912
-6.024393623	0.004737912
-6.126275878	0.004409259
-6.249849198	0.005066566
-5.801238632	0.005066566
-6.072705531	0.005395219
-6.135806799	0.004737912
-5.660904057	0.005395219
-5.806825723	0.006052525
-5.82555891	0.006052525
-5.712831136	0.005395219
-6.017491922	0.005066566
-5.866640462	0.005395219
-6.25017785	0.005395219
-6.25149246	0.005723872
-6.210082251	0.005723872
-6.153882683	0.006709832
-5.917581586	0.005395219
-6.016177313	0.004737912
-5.768373392	0.006052525
-6.163084951	0.005395219
-5.895890526	0.006052525
-6.232430618	0.004737912
-6.083879713	0.005395219
-5.659589448	0.004737912
-6.122660701	0.005723872
-6.181160836	0.004737912
-6.156840555	0.005066566
-6.245248063	0.005395219
-6.209753599	0.005395219
-6.190034452	0.005395219
-6.235059837	0.005066566
-6.234402532	0.005066566
-6.245576716	0.005723872
-6.123318006	0.005395219
-5.783820055	0.005723872
-6.197264806	0.004737912
-5.665505191	0.005395219
-6.011247526	0.004409259
-6.229801398	0.003751953
-6.164399561	0.005395219
-5.969180016	0.005395219
-6.190691757	0.004737912
-5.672735543	0.005723872
-6.040826245	0.005723872
-6.164399561	0.006052525
-6.211396861	0.005395219
-5.991199728	0.006052525
-6.248205935	0.005723872
-6.123646658	0.005395219
-6.112143823	0.003751953
-6.239989624	0.005066566
-6.152896725	0.005395219
-5.836733092	0.005395219
-6.244590759	0.005395219
-6.193649629	0.005066566
-6.066132482	0.004737912
-6.128905097	0.004737912
-6.249520545	0.004409259
-6.008946959	0.006052525
-6.226186221	0.005395219
-6.241632886	0.005066566
-6.126275878	0.004737912
-5.926783854	0.004737912
-5.992185685	0.005723872
5.92479543	-0.015967239
5.402560267	0.039903805
5.265839275	0.123053071
3.457905246	0.230851341
1.943465481	0.338649624
4.952630052	0.449405801
4.287430923	0.564763141
4.762338305	0.677819922
3.223574348	0.788904799
1.772236746	0.887172204
1.439639023	0.960790602
0.83294437	1.039667465
2.516967054	1.123474141
5.023619741	1.170471615
4.829384092	1.222070243
5.231330378	1.275312144
5.038737917	1.323952896
4.80900743	1.35583231
3.096384968	1.530676131
3.158500708	1.571100554
3.072721831	1.590162478
5.541581897	1.589505171
5.73877578	1.638803253
5.628347194	1.720638077
5.584964543	1.776180594
4.368937484	1.788340791
4.930610105	1.786040213
4.219399247	1.930976628
4.56350159	1.958583568
5.06404443	1.945437406
5.754551294	1.972715692
5.857092155	2.003937828
4.474435916	2.076899038
5.262224057	2.092345781
4.92863817	2.125539848
5.612571684	2.123896578
4.473778605	2.165964309
5.751593385	2.324046981
4.705480855	2.189298755
5.924466773	2.170236813
4.553970576	2.251085743
4.581248996	2.267847107
4.815909203	2.227751294
4.761023681	2.17943913
4.587822109	2.307285614
4.986810271	2.304327726
5.99611394	2.243526696
5.336171703	2.349682012
5.74633488	2.357569715
6.052642907	2.299397913
5.266825244	2.396350919
4.953287364	2.405224585
4.890514084	2.34869605
5.214240258	2.410483054
5.722671609	2.390106488
5.768026214	2.390106488
5.435754552	2.322075055
6.08025008	2.490017398
5.700322965	2.430530966
5.127475047	2.362828183
5.045968349	2.463725051
5.178088085	2.467668903
5.848875739	2.396350919
5.582663948	2.497576448
5.619802126	2.498891065
5.065030398	2.444663101
6.064145895	2.516309745
4.820839041	2.518281671
5.660884185	2.535043044
4.789616737	2.527812648
6.046727084	2.560020776
5.297061613	2.558048849
5.555385466	2.493632595
5.334199765	2.472598718
4.675244526	2.568237135
4.689705379	2.493632595
4.682803608	2.399637462
4.746562827	2.585327163
5.269125837	2.512037239
5.944186175	2.500534337
4.736703153	2.601431228
5.370680608	2.525183413
4.833985274	2.50612146
5.964562892	2.606689699
6.072362316	2.534057081
5.961276325	2.51893898
6.072690973	2.614906059
6.099640833	2.54227344
5.425894863	2.532742463
6.019777228	2.625751655
4.845159573	2.554104997
5.299362206	2.570537716
5.583978574	2.637254559
5.147851724	2.561992702
5.040709853	2.606361045
6.023721109	2.642841684
4.990425487	2.57382426
6.004330359	2.610304897
4.949672149	2.630681471
4.686090166	2.615892022
5.769669497	2.604389118
4.761352337	2.637254559
6.116073676	2.65960306
5.273398367	2.586970435
4.736703153	2.547203255
4.714683216	2.593872177
5.279642835	2.577439458
6.08123605	2.494289904
5.303634737	2.597487376
5.045639693	2.5843412
5.160011999	2.495933176
5.228701129	2.590914288
5.875168271	2.580726002
5.380868952	2.49396125
5.933997817	2.644813611
5.751593385	2.57908273
4.753135942	2.489688743
5.588579764	2.586970435
5.063715774	2.577439458
5.973765281	2.489360089
4.789616737	2.599787957
5.014417373	2.583683891
4.827083502	2.49396125
5.685533422	2.597158721
6.0740056	2.58959967
5.842959919	2.505135497
5.705581469	2.601759883
5.664828063	2.595515449
5.746992193	2.604717772
6.089123814	2.602745846
4.805392216	2.593872177
6.120346215	2.628709544
5.667128658	2.593214869
5.415377862	2.581054656
4.700879674	2.610962206
4.757079812	2.573166951
4.947700213	2.574481568
4.748206105	2.602745846
4.712711282	2.511708584
6.06776112	2.638897831
5.248420498	2.607675662
5.015731997	2.515981091
4.710410691	2.651715354
5.423594269	2.607675662
6.077292168	2.512365893
4.807692807	2.669462693
5.549140994	2.605375081
5.325654703	2.462739088
5.011788125	2.670777311
6.123961441	2.605046427
4.971034785	2.509408004
5.320396204	2.671105965
5.139306666	2.60603239
5.893901701	2.507764732
4.793889262	2.673077892
4.717969774	2.606689699
4.806378184	2.681951562
5.259923464	2.676364436
4.708110101	2.613920096
5.439698428	2.652701317
6.019448571	2.643170339
6.097997549	2.649086118
6.103584715	2.63659725
5.74633488	2.634625324
5.144565163	2.685238106
6.121660842	2.614906059
4.974321345	2.550818453
5.55045562	2.616549331
4.839243768	2.602088537
5.984282297	2.519267634
5.801877842	2.613920096
5.145222475	2.603403155
6.035224097	2.518610326
4.76661083	2.612276824
4.713039937	2.599787957
5.700980278	2.512694547
6.048370368	2.685895415
5.828499028	2.593872177
5.679946261	2.507107424
5.561629938	2.602417192
5.899160208	2.590256979
4.913848653	2.507436078
5.454816619	2.624437037
5.180060022	2.595844104
5.709525348	2.507436078
6.122318156	2.606361045
5.391385953	2.595844104
4.822153664	2.515652437
6.121989499	2.611948169
6.102927402	2.605375081
4.73538853	2.572838296
5.923480803	2.610962206
5.086064384	2.598144685
5.052870125	2.637583214
6.111801137	2.601102574
5.506415665	2.584669854
5.051555501	2.61720664
5.948458713	2.580726002
6.13349249	2.582697928
5.847561112	2.608332971
4.868822796	2.521568215
6.127248009	2.61720664
5.192220298	2.613262787
4.69660715	2.525840722
5.190577017	2.655659207
5.006200974	2.617535294
5.00652963	2.524854758
5.633934354	2.675049819
5.362464202	2.615563368
4.932253385	2.523868795
4.775155881	2.673735201
5.754879951	2.615563368
5.727930114	2.521896869
5.023619741	2.676693091
4.818867105	2.615563368
4.690034035	2.522882832
4.744919548	2.655001898
5.605012586	2.617535294
5.631305102	2.531099191
4.8494321	2.680965599
5.707224752	2.618849912
5.382183578	2.728949149
5.09888197	2.634953978
5.881412747	2.651715354
4.694963871	2.644156302
4.7705547	2.634625324
5.317438298	2.654344589
6.115087705	2.622793765
5.184003895	2.554433651
4.999299198	2.626737618
4.998970542	2.610633552
5.765725618	2.527483993
4.68576151	2.625751655
4.728815414	2.611619515
4.745576859	2.529127265
5.38284089	2.618192603
6.119360244	2.604389118
5.10216853	2.522225524
5.266496587	2.654344589
5.395658485	2.599459302
4.850746723	2.518610326
5.177759429	2.607675662
5.880098121	2.597487376
4.832341995	2.5166384
5.518904607	2.632653397
5.865637228	2.601431228
4.845159573	2.517295708
5.937613041	2.612934133
5.449229461	2.640541103
5.543225179	2.520582252
4.715669184	2.617535294
5.823240522	2.610304897
6.055272161	2.546217292
5.694078491	2.614906059
5.451530056	2.612605478
6.011232151	2.634625324
4.845488229	2.605703736
5.47617928	2.590585633
4.977279249	2.623122419
5.100196594	2.58138331
5.44397096	2.637583214
5.92380946	2.617535294
5.685533422	2.529127265
4.742947613	2.579411384
5.153767533	2.623122419
4.973992689	2.534714389
5.922823489	2.661246332
4.882954999	2.625094346
5.986911551	2.531099191
4.695292527	2.678993672
5.662856124	2.621479147
5.986911551	2.559363467
6.05855873	2.664204222
4.710739347	2.623451074
4.908590159	2.531427846
6.017147973	2.681294253
5.00817291	2.62246511
4.715011872	2.533728426
5.005872318	2.660260369
5.484067033	2.627066272
4.779757062	2.542602094
5.141935914	2.684580797
5.137992041	2.625423
4.950986773	2.599787957
4.787316146	2.627394927
6.030951558	2.63659725
4.989110863	2.652372663
5.48702494	2.627394927
4.945070966	2.661246332
4.755436533	2.633639361
6.04311186	2.554104997
4.779757062	2.634625324
5.997428567	2.62016453
5.187619112	2.536686315
4.72684348	2.634625324
5.30856458	2.618849912
5.740747719	2.538000933
4.793889262	2.627723581
5.466648247	2.612605478
5.802206499	2.531099191
5.825541118	2.692797159
5.39434386	2.608661625
4.735717186	2.52649803
5.17513018	2.614906059
6.068089777	2.6030745
4.713368593	2.525512067
5.099210626	2.632653397
5.582335292	2.60899028
4.736374497	2.52649803
6.121332186	2.616877985
4.715997839	2.62838089
6.046727084	2.5317565
5.498856568	2.621479147
4.847460164	2.615234713
5.636563605	2.535043044
5.92479543	2.618192603
4.679845707	2.614577405
6.133821147	2.626080309
5.125174455	2.610962206
4.70120833	2.598144685
5.202079982	2.63133878
5.700322965	2.554433651
4.861921023	2.511051276
6.114430392	2.623451074
5.39697311	2.537672279
5.565245158	2.504149534
5.297061613	2.631996088
4.941127095	2.544245366
4.738017776	2.566593863
5.534680113	2.631010125
4.811308021	2.541944785
5.922823489	2.788106957
5.459746464	2.628709544
5.785116356	2.569223098
5.007844254	2.66256095
4.876381881	2.628709544
4.83431393	2.53701497
4.898401826	2.683594834
5.480780469	2.62838089
4.772526634	2.540301513
5.716427135	2.658288442
5.120901926	2.633310706
5.627032568	2.57086637
4.889199461	2.685895415
6.063159925	2.629366853
4.810979365	2.608332971
4.959531827	2.625423
4.985166992	2.626737618
4.771212011	2.657959788
4.677873772	2.621807802
6.085179932	2.645142265
5.158697375	2.637911868
4.758065779	2.563307319
5.267482556	2.635939941
5.829156341	2.64251303
5.684547453	2.54457402
4.721913643	2.640212449
5.674030444	2.622793765
4.859949087	2.543588057
4.734731218	2.63133878
4.723556922	2.621479147
4.751164008	2.537672279
5.045968349	2.684909452
6.102927402	2.612276824
4.881311719	2.532742463
6.124290097	2.619835875
4.712711282	2.609976243
6.133821147	2.530441883
5.084092448	2.624108382
4.703180265	2.612605478
5.084092448	2.533071117
5.529750267	2.62246511
4.733745251	2.607675662
5.94977334	2.538329587
5.056485342	2.630024162
5.649381208	2.622793765
5.681918201	2.542930748
5.253021684	2.619507221
4.911876718	2.642841684
4.762009649	2.620493184
6.085837246	2.617535294
5.315466361	2.602088537
6.092410383	2.637254559
4.792903295	2.553447688
4.700222363	2.472598718
4.754450565	2.630352816
4.728158103	2.54457402
4.72289961	2.445977718
5.487682252	2.634625324
4.708767413	2.550161144
5.979681103	2.550818453
5.320067548	2.637254559
5.133390856	2.547203255
5.74633488	2.654673244
5.014088717	2.634625324
5.252364372	2.54753191
6.014518719	2.674721164
5.400259673	2.634953978
5.601726021	2.547203255
5.115314773	2.687538687
6.080578737	2.634953978
6.010574838	2.542602094
5.851504992	2.652701317
6.00728827	2.635282633
6.079921423	2.578754075
5.535008769	2.68622407
5.597453488	2.631996088
5.393686547	2.609647589
5.69605043	2.626408963
5.856106185	2.63133878
5.501485819	2.661903641
4.950986773	2.623451074
4.738675088	2.646456883
5.95075931	2.640869758
5.14818038	2.565279246
6.01649066	2.638240522
5.337486328	2.532413809
4.723556922	2.546545946
6.116402333	2.643827648
4.72059902	2.628052235
5.915593042	2.546545946
5.731873992	2.63133878
5.938599011	2.625094346
5.294432363	2.540630168
5.850847679	2.682937525
5.128132359	2.61424875
5.040381197	2.535700352
6.106871284	2.623451074
5.235602908	2.610304897
4.724542889	2.532413809
4.98122312	2.628709544
6.081893364	2.615563368
6.064803209	2.534057081
5.011130814	2.623779728
5.888643194	2.59255756
4.710739347	2.538329587
5.24480528	2.631010125
6.079592766	2.611619515
6.051656937	2.541944785
4.978265216	2.617535294
4.694306559	2.609647589
4.699893707	2.62246511
4.748206105	2.61720664
5.064373086	2.605375081
5.81568142	2.637583214
5.981324386	2.561664048
4.845816885	2.563964628
5.312508455	2.631667434
4.987467583	2.543259403
6.029636931	2.482458348
5.396644453	2.635611287
5.536323395	2.546874601
5.845589172	2.594858141
6.101941431	2.633639361
5.224757255	2.546874601
5.135691449	2.732235694
4.706466822	2.633639361
5.966534833	2.566593863
5.401574298	2.669462693
4.75412191	2.632324743
5.254007653	2.541287477
5.974751251	2.68030829
4.730130037	2.633310706
5.864979914	2.54227344
5.940242295	2.677679054
5.987568865	2.634953978
5.776899941	2.595515449
4.975307313	2.687538687
4.803420281	2.630681471
6.124290097	2.603403155
4.70745279	2.625751655
6.118374274	2.62838089
5.968178117	2.65960306
6.048370368	2.625423
5.537966677	2.643170339
5.365093452	2.640541103
5.167242433	2.561335393
5.466648247	2.638569177
5.400588329	2.630352816
4.788959425	2.544902675
4.860277743	2.634296669
4.717641118	2.624437037
5.914607072	2.543259403
5.166585121	2.63133878
5.036765981	2.618521258
5.366736733	2.535700352
6.066117836	2.684580797
5.756523234	2.613262787
4.713368593	2.533399772
4.920093116	2.619178566
5.371337921	2.607347008
6.098983519	2.528798611
5.214897571	2.623122419
4.94638559	2.612934133
6.032266185	2.533071117
4.736703153	2.622136456
5.932025877	2.588285053
5.565245158	2.537343624
5.774599345	2.626408963
5.11465746	2.626080309
4.945070966	2.540630168
4.745248203	2.619835875
5.857092155	2.633639361
5.615200936	2.628709544
4.73768912	2.616220677
5.596467518	2.606689699
5.992827373	2.637254559
5.916579012	2.553776343
5.549798307	2.539644205
4.869808764	2.628709544
6.04409783	2.542602094
4.781400341	2.446306373
5.674359101	2.636268596
5.861036035	2.546545946
6.106542627	2.578754075
6.121989499	2.634296669
5.811080227	2.544902675
6.136450402	2.692797159
5.666471345	2.633310706
4.688719412	2.560020776
5.376596421	2.65960306
5.742719658	2.633310706
6.07499157	2.540630168
5.822911865	2.690496578
6.100298147	2.631010125
4.774169913	2.540630168
5.15409619	2.652372663
6.11245845	2.635611287
5.522191171	2.592886214
4.912862686	2.690825232
5.356877046	2.630681471
5.65661165	2.604389118
5.649052551	2.62246511
4.989439519	2.633968015
4.947371557	2.65960306
5.937613041	2.621807802
6.118374274	2.645142265
5.896202298	2.637254559
5.875825584	2.563964628
5.054842061	2.637911868
4.697264461	2.623451074
4.794546574	2.542602094
5.097567346	2.633639361
6.058230073	2.622136456
5.133719512	2.544245366
4.975307313	2.629038199
5.949116026	2.618521258
6.048041712	2.535700352
5.422936957	2.717446243
5.45021543	2.612934133
4.925680266	2.531099191
6.065131866	2.617535294
5.631633758	2.606361045
4.868165484	2.527812648
4.714354561	2.619835875
4.825111566	2.613262787
6.117059646	2.52945592
5.014417373	2.620493184
5.679288948	2.62016453
5.816010076	2.532742463
5.676659696	2.626408963
5.368708671	2.62246511
4.923708331	2.548517873
5.05911459	2.621807802
4.832341995	2.607347008
6.145981451	2.644813611
4.979251184	2.613920096
4.680174362	2.601102574
4.881969031	2.635611287
4.835628554	2.591571597
4.702851609	2.549175181
4.878682472	2.62838089
5.797933963	2.53931555
6.111801137	2.562650011
5.418007112	2.632653397
5.63985017	2.544245366
5.558343374	2.634296669
5.021647805	2.634625324
4.724871545	2.542930748
5.356548389	2.676693091
4.978593872	2.630024162
6.120346215	2.571523679
5.853148275	2.662889604
5.396644453	2.629366853
5.093952129	2.537343624
5.220156069	2.687867342
5.902118118	2.626737618
4.922393707	2.536357661
4.718955741	2.658288442
5.485381658	2.630024162
5.735160558	2.583683891
5.299362206	2.682937525
5.092308849	2.627394927
5.563930532	2.600445265
6.091424412	2.622136456
5.905404685	2.657959788
4.900045105	2.657302479
5.536980708	2.632982052
5.648723895	2.657302479
4.845159573	2.635939941
6.143352196	2.564950591
4.6880621	2.635282633
6.018133944	2.621150493
5.346688702	2.536029007
4.709424724	2.631667434
4.732430628	2.62016453
5.029864205	2.536029007
6.135793088	2.624765691
5.309550549	2.611948169
4.75017804	2.52945592
4.723556922	2.679650981
4.771212011	2.609318934
4.834971242	2.52419745
5.478808531	2.610633552
4.82248232	2.602088537
6.147953393	2.520910906
4.911876718	2.615892022
4.712711282	2.608004317
4.710739347	2.521896869
4.742947613	2.616549331
4.707124134	2.638240522
5.048597597	2.523540141
5.53862399	2.621807802
6.054286191	2.615892022
4.697264461	2.568894444
4.824782911	2.621150493
5.459417807	2.65664517
6.124618754	2.646128228
4.959860483	2.609976243
5.107755683	2.595515449
4.754450565	2.629366853
4.929624137	2.589928325
6.120674872	2.591571597
6.036210067	2.619178566
5.023948397	2.532085154
4.948357525	2.609647589
6.050342309	2.622793765
4.733087939	2.536029007
5.827841714	2.647442846
5.31382308	2.627066272
6.109171882	2.5317565
4.744590892	2.68326618
6.093067696	2.621807802
4.70975338	2.514666474
5.517589981	2.680965599
6.047713055	2.619835875
5.368051358	2.527483993
5.882398717	2.684580797
5.458431838	2.622136456
4.700879674	2.522882832
5.262552713	2.681294253
5.735817871	2.622793765
5.901789461	2.585655818
5.689148644	2.694769085
5.188276424	2.622793765
4.740975678	2.618521258
5.389742672	2.633310706
5.218841444	2.660589023
4.950986773	2.649414773
4.819524417	2.637583214
4.904317632	2.690496578
5.221470693	2.626080309
6.080578737	2.560678084
5.27142643	2.627723581
6.100955461	2.61424875
4.788302113	2.529784574
6.145324137	2.624765691
4.824125599	2.613262787
5.043339101	2.528469956
5.726286831	2.618849912
6.081564707	2.607018353
6.124618754	2.520582252
5.126489079	2.670120002
6.127576666	2.602088537
5.123202518	2.5166384
5.515618043	2.605703736
5.572475599	2.59781603
5.29476102	2.514337819
4.793231951	2.609318934
4.995683983	2.601759883
5.556042779	2.513351856
5.906719311	2.608332971
6.071376345	2.60603239
5.010144846	2.519924943
4.761023681	2.616549331
5.399273704	2.610304897
5.730559366	2.585984472
5.991512746	2.615234713
6.026350363	2.607018353
4.939155159	2.642184375
6.119031588	2.604389118
5.19715014	2.591900251
4.697264461	2.624108382
5.684547453	2.585327163
5.169543026	2.583026582
5.387442078	2.613591441
4.991411455	2.525840722
4.752478631	2.630681471
4.74393358	2.620493184
4.852061347	2.52945592
4.716326495	2.671763274
5.146208443	2.621807802
5.079162607	2.525840722
4.782714965	2.680965599
4.711068003	2.617863949
5.575762163	2.5656079
4.721256332	2.681622907
5.303306081	2.616877985
4.718627085	2.519267634
5.106112403	2.682608871
6.083207991	2.616220677
4.72059902	2.520910906
6.089123814	2.679322326
4.955916612	2.617863949
5.277013585	2.601431228
5.784459043	2.68622407
5.66318478	2.616220677
6.121660842	2.657959788
4.893471987	2.649086118
5.198464764	2.654673244
5.743048315	2.643498993
5.015074685	2.640869758
4.727172135	2.693783122
5.172500931	2.619835875
5.060429214	2.57086637
4.813608612	2.620493184
6.016162003	2.604717772
5.108412995	2.521239561
5.522519827	2.616549331
4.978922528	2.607347008
5.129118327	2.51893898
5.019018557	2.612276824
4.884269622	2.600116611
4.854690593	2.509736658
5.647080613	2.663875568
5.861036035	2.595186795
5.722014296	2.505135497
5.37758239	2.599459302
4.782714965	2.591242942
6.119688901	2.501848954
5.224757255	2.605046427
5.114328804	2.594529486
4.969391506	2.5015203
4.715669184	2.605375081
4.88689887	2.598801993
6.039167978	2.517624363
5.165270497	2.608004317
5.569846348	2.602088537
5.628347194	2.610633552
4.696278494	2.608661625
4.866193549	2.59781603
6.119360244	2.632982052
4.786001523	2.595844104
5.866294541	2.585655818
4.786330178	2.615234713
5.903432745	2.578096767
5.907047968	2.618521258
5.994799313	2.605375081
4.709096068	2.514337819
6.111143823	2.648100155
4.852390002	2.611948169
5.270769118	2.517624363
6.113444421	2.659274406
6.007945584	2.609318934
5.346360046	2.513351856
4.670972002	2.677679054
5.020990493	2.607675662
6.136779059	2.56034943
4.696278494	2.675707127
6.050342309	2.605046427
5.172172275	2.505792806
4.744590892	2.679322326
4.713697249	2.605046427
6.065131866	2.604060464
6.119031588	2.679979635
5.380540296	2.60603239
4.752149975	2.618849912
4.724871545	2.682937525
4.941784407	2.611948169
4.872109355	2.647442846
5.049912221	2.664861531
5.499185225	2.649086118
5.696707743	2.634625324
4.738346432	2.658288442
5.860050065	2.686881379
5.747649507	2.608661625
4.717641118	2.587627744
4.959203171	2.611290861
5.393357891	2.596172758
4.832013339	2.505464152
5.802206499	2.607347008
6.137765029	2.595844104
5.707553409	2.502506263
4.810979365	2.602088537
5.086721696	2.58959967
6.083536648	2.492646632
4.752807287	2.652701317
4.768582765	2.584669854
5.978366476	2.487388163
5.229029785	2.58729909
5.947801399	2.578754075
5.434111271	2.484758928
4.866522205	2.58959967
6.088137844	2.581054656
4.793231951	2.510722621
5.361478233	2.590585633
5.379554327	2.584998509
6.115087705	2.624765691
5.300676831	2.593872177
4.710410691	2.588613707
5.800891872	2.627066272
5.14818038	2.594200832
5.199779389	2.581054656
4.913848653	2.615234713
4.83990108	2.580397347
5.407818767	2.63133878
6.121332186	2.596501413
6.127576666	2.562650011
6.050342309	2.641198412
5.506415665	2.58959967
4.721256332	2.494289904
5.15573947	2.664532877
4.960189139	2.595515449
4.871452043	2.496590485
5.908033938	2.66847673
4.699893707	2.59255756
6.029965588	2.491989324
4.747548794	2.668148075
6.084851275	2.590914288
4.76266696	2.557062886
4.743276269	2.665847494
4.910562094	2.588613707
4.727172135	2.485087583
6.143023539	2.666176149
4.731773316	2.588285053
5.420307706	2.643498993
6.023063795	2.669791348
5.912306475	2.586970435
5.556700092	2.648100155
5.501485819	2.670120002
4.865864893	2.628052235
4.787316146	2.630024162
4.702851609	2.668148075
5.029864205	2.657631133
5.899817521	2.618192603
5.722014296	2.652044008
4.727172135	2.674063855
4.827083502	2.596501413
5.893573044	2.616877985
6.089123814	2.595186795
5.056485342	2.582697928
5.435754552	2.488374126
4.852390002	2.593872177
6.098983519	2.58138331
5.352275858	2.484430274
5.102497186	2.592228905
6.123304127	2.574152914
5.16921437	2.478185842
5.945829459	2.642184375
6.083865305	2.56856579
5.806150378	2.521239561
5.574447538	2.572838296
5.76934084	2.561335393
6.085837246	2.557391541
4.932582041	2.594529486
5.241190062	2.566593863
5.436740521	2.628709544
4.686747477	2.578096767
5.30593533	2.569223098
5.736475184	2.648100155
5.92972528	2.580397347
5.791689488	2.572509642
4.7564225	2.612934133
5.423594269	2.577768112
5.11301418	2.56856579
6.124290097	2.619835875
5.949444683	2.563964628
5.639192857	2.65664517
5.525149078	2.580068693
5.591537672	2.552790379
5.652339116	2.653029971
5.198136108	2.574810223
5.298047582	2.476213916
5.906719311	2.659931714
4.855019249	2.580397347
5.589565733	2.490674706
5.847561112	2.659931714
5.006200974	2.577439458
4.730787349	2.538000933
5.979023789	2.656973825
5.985268267	2.573495605
5.320396204	2.57908273
4.806049528	2.656316516
4.745905515	2.572509642
4.732101972	2.5656079
4.863235646	2.657631133
5.268139868	2.570537716
4.767596797	2.58138331
5.978037819	2.659274406
4.914505965	2.595186795
4.784358244	2.680965599
4.744919548	2.658288442
5.658912246	2.627723581
6.010574838	2.61720664
4.706466822	2.654015935
6.116402333	2.748997073
5.699336996	2.611948169
5.310536517	2.635611287
5.643794048	2.661574987
5.028878237	2.580397347
5.2671539	2.630024162
5.829484998	2.5843412
4.781400341	2.566922518
4.775155881	2.590585633
4.969720162	2.606361045
4.947371557	2.566265209
6.147953393	2.613262787
5.956017817	2.636268596
6.026021706	2.557062886
6.140394284	2.644813611
5.753565325	2.63133878
4.96906285	2.552790379
5.958975728	2.632653397
5.901789461	2.624765691
4.791588672	2.549175181
5.8370441	2.634296669
5.13141892	2.632653397
5.508058947	2.548189218
5.150152316	2.639883794
5.98296767	2.569551753
5.858078125	2.550818453
5.869909764	2.640541103
5.653325086	2.635282633
4.876710537	2.554762306
5.494255379	2.632982052
6.084851275	2.604389118
5.49326941	2.641527067
4.831356028	2.630681471
4.712382626	2.611290861
6.085837246	2.650072082
5.77985785	2.578754075
5.666800002	2.507436078
5.41110533	2.643170339
4.826097534	2.556405578
4.771869323	2.543588057
5.722671609	2.645799574
5.724972205	2.558706158
6.050013653	2.590256979
5.284901334	2.644484956
4.683132264	2.55509096
5.627032568	2.610633552
5.180717334	2.64251303
5.479465844	2.571523679
4.855676561	2.659274406
5.960290355	2.638240522
6.094382324	2.546217292
5.515618043	2.694440431
4.897087202	2.640212449
6.129548607	2.546545946
5.200765357	2.653029971
4.761680993	2.640541103
4.742290301	2.54753191
4.849760755	2.711859117
4.735059874	2.637911868
6.09996949	2.608332971
4.687733444	2.632982052
4.961175107	2.666504803
6.018791257	2.664532877
4.723228266	2.640869758
5.796947993	2.666176149
5.693092522	2.642184375
4.841215703	2.565936554
5.050569533	2.640869758
5.562615907	2.627723581
5.857420811	2.544902675
5.14982366	2.635611287
4.868165484	2.627394927
5.904747371	2.541944785
5.8370441	2.631010125
5.14982366	2.619507221
5.773613375	2.532413809
5.101182562	2.676693091
5.418007112	2.614906059
4.704166232	2.52945592
6.100626804	2.616220677
4.699565051	2.608004317
6.037524694	2.523540141
5.429181426	2.614906059
4.746891482	2.612276824
5.652667773	2.520582252
5.825541118	2.616549331
5.194520891	2.613591441
5.126817735	2.526169376
5.462704371	2.621807802
5.647737926	2.616220677
6.061845298	2.589271016
5.085735728	2.620493184
5.632948384	2.611290861
5.024934365	2.650072082
4.692663281	2.611619515
4.964790322	2.598801993
5.448900805	2.630024162
5.363121514	2.592886214
5.127475047	2.587627744
1.959240876	2.651058045
3.683691219	2.51893898
4.951644085	2.643170339
4.898730482	2.591900251
3.709326314	2.521239561
3.828299464	2.620493184
4.857977152	2.565279246
3.88910067	2.465039669
3.594297052	2.602417192
3.780315815	2.536029007
3.391845614	2.457151965
4.543453596	2.543259403
3.022437669	2.514337819
4.074133577	2.42395788
4.098782726	2.530113228
3.115446941	2.492975287
4.422836991	2.403252659
3.196296003	2.497905102
3.221931074	2.474899298
2.95999329	2.393721685
3.223574348	2.429216349
4.121131289	2.457809274
3.916050397	2.383533402
2.95572078	2.415412868
2.782191176	2.395693611
3.579836233	2.398651499
3.704067833	2.392735722
3.335645634	2.337850459
3.888114705	2.344752199
3.755995336	2.362170874
3.052345242	2.292496174
3.119062142	2.281979239
3.493071323	2.285923089
3.634721618	2.272776921
3.511804655	2.19915838
2.731578385	2.272448266
2.915953575	2.300383875
3.447388289	2.201458959
3.391845614	2.119952728
2.760828634	2.206060118
2.722704714	2.197843763
2.034174004	2.128497736
3.404663154	2.200144343
3.029996726	2.191599334
1.72425327	2.135399473
1.829751192	2.058165753
1.979288773	2.139343322
1.97008646	2.131784277
1.715379614	2.069668647
2.668148075	2.058165753
2.167936234	2.086101353
2.770359614	2.081828849
1.988162433	2.016755338
2.062766911	2.08905924
2.629038199	2.035488621
2.537672279	2.032859388
1.413018066	1.97008646
1.368649806	2.045348243
1.937221055	2.017083992
1.517201323	1.989805703
1.35057385	2.008538986
1.379824035	2.002294558
2.650072082	1.972058384
1.083049743	1.942479519
2.240568808	1.975673579
0.890787393	1.952010487
2.225122061	1.923088931
1.452785175	1.952996449
0.91642237	1.921774315
2.188641446	1.882664486
1.629929598	1.888251604
1.202351022	1.907970845
0.904919495	1.878391984
1.459358251	1.82219215
1.721952693	1.759090588
1.559597669	1.874119482
1.646362292	1.850127739
1.198078524	1.79655714
0.469453657	1.729511733
0.494759967	1.832380424
0.975580013	1.820877534
0.351467104	1.7725654
0.313014665	1.719652115
1.5195019	1.768292899
0.644954577	1.7932706
0.737634854	1.748902316
1.672325951	1.698946918
1.628614982	1.691716532
0.782660383	1.763034436
0.57528005	1.730169041
0.108263676	1.682842876
0.492788047	1.632558829
1.370621729	1.721624039
0.913135834	1.70584865
0.914121795	1.66641018
0.264045323	1.618755366
1.262494649	1.615140173
0.75702541	1.659179794
0.907877377	1.648005562
0.765570401	1.608895749
-0.340019228	1.582274786
0.990698078	1.599364787
0.246298045	1.625985751
-0.342977106	1.594763633
-0.068880401	1.557625746
0.634437667	1.547437477
-0.219403541	1.5494094
0.277520108	1.539878438
-0.487584449	1.544808246
-0.747220309	1.532648054
-0.066908482	1.498796709
-0.120150294	1.495838825
-0.814265509	1.482364018
-0.213159132	1.48597921
0.424756799	1.475790942
0.2367671	1.472504403
-0.868164587	1.438981715
-0.696936407	1.406773644
-0.232878319	1.391326917
0.038589192	1.396256723
-0.122122213	1.387383071
-0.396547556	1.352874426
-0.003807071	1.354846349
-0.73506015	1.32165232
-0.891827597	1.285500409
-0.984507712	1.337099046
-0.139869483	1.31639386
-0.723557297	1.32165232
-0.322929268	1.292402137
-0.984836365	1.260522727
-1.448565486	1.227657356
-1.450866055	1.282213872
-1.150477403	1.252635038
-0.377814331	1.272025607
-1.729892214	1.231272547
-0.969718332	1.203008329
-1.289497543	1.173429498
-0.583551129	1.189204874
-1.717403412	1.209252749
-1.414385599	1.204322944
-0.819523955	1.182631801
-0.856990388	1.157982775
-1.702942693	1.130704522
-1.500821273	1.101454347
-0.825768361	1.152724317
-1.3433966	1.127746639
-1.50049262	1.109999342
-1.218508538	1.109013381
-1.125828441	1.085678972
-2.117702335	1.060043989
-1.196817452	1.032765739
-1.412742335	1.085350319
-2.14366589	1.063330525
-1.626037961	1.050184381
-1.718718023	1.046569191
-2.192306474	1.024549399
-2.341514744	1.001214993
-1.483402677	0.977223281
-1.487675163	1.004501529
-2.104556231	0.999571725
-1.831774543	0.978866549
-2.645189688	0.961119255
-2.703032529	0.962762523
-2.348416448	0.943371962
-1.679279699	0.921352173
-2.678712244	0.902290267
-2.654063305	0.925296016
-2.098640484	0.920366213
-2.718150544	0.902618921
-2.609695216	0.885528936
-1.954690635	0.890458739
-3.041873234	0.873697408
-2.231744785	0.85529281
-2.104556231	0.835244945
-2.227472301	0.842803976
-2.126247302	0.836888213
-3.292963699	0.83294437
-2.877875653	0.816183041
-3.209814634	0.797778444
-2.378652483	0.794820562
-3.369211061	0.786275571
-2.585703582	0.769185589
-2.416447527	0.767542322
-2.499925272	0.77115751
-2.596549115	0.755053489
-3.534523224	0.737634854
-3.24169392	0.73533428
-2.867687427	0.718572952
-3.141783579	0.702468932
-3.462876999	0.692609328
-3.563773288	0.691952021
-2.822990689	0.680120497
-2.842052533	0.679134536
-3.759650114	0.675848002
-3.53945301	0.66138725
-3.311696887	0.644954577
-3.493770326	0.628193252
-3.638706035	0.613732501
-4.082386748	0.604201551
-4.006139398	0.590726761
-4.158962749	0.575608703
-3.987406213	0.561476607
-4.157976792	0.549973737
-4.14943183	0.54931643
-4.316715883	0.539456828
-4.342350767	0.535841641
-4.134971126	0.527625306
-3.503301246	0.513164557
-4.346623247	0.499032461
-4.512592688	0.485557672
-3.768852381	0.474712111
-3.757349548	0.461894629
-3.727770833	0.450391761
-4.236853359	0.438888893
-4.671331775	0.428371986
-4.185583591	0.417197772
-4.759081954	0.406023558
-4.357468775	0.394520691
-4.117223899	0.395835304
-4.760725216	0.388933584
-4.349909771	0.387947624
-4.869180494	0.384332437
-4.097833409	0.37480149
-4.416297547	0.366585157
-4.451463349	0.355739597
-4.218777479	0.343908077
-5.07623148	0.332405211
-4.872467017	0.320573691
-4.575036635	0.309728132
-4.884955807	0.298225266
-5.23464192	0.288365667
-5.008529094	0.277520108
-4.672646385	0.267660509
-4.897773249	0.257472257
-5.255347019	0.247284005
-5.271122333	0.23775306
-4.682505955	0.228879421
-5.406198458	0.218362516
-5.214265473	0.21573329
-5.219852563	0.205873692
-4.840259086	0.199300626
-5.156751309	0.190098335
-5.239571705	0.181882003
-4.921107566	0.173008365
-5.007543136	0.165120687
-5.039422415	0.156904356
-5.621794422	0.149345331
-5.053225815	0.141457653
-5.37464783	0.134555935
-5.664519233	0.126668257
-5.763772258	0.117465966
-5.748325595	0.111221555
-5.819971819	0.10366253
-5.571510607	0.097089466
-5.466670496	0.088873135
-5.917581586	0.080328151
-6.002702563	0.07309778
-5.9941576	0.06488145
-5.827530825	0.057651079
-5.512353177	0.050420708
-6.007303697	0.040889765
-5.965893492	0.034316701
-5.69015412	0.027743636
-5.878143296	0.019198653
-6.004345825	0.013282896
-6.18313275	0.005395219
-5.754898643	0.003751953
-5.770345306	0.003751953
-6.221585087	0.003751953
-5.892932655	0.005395219
-6.239660972	0.004409259
-5.879786558	0.004409259
-5.823915648	0.005395219
-6.131862969	0.004409259
-6.2367031	0.005723872
-5.777247006	0.005723872
-6.249520545	0.005395219
-5.822601039	0.005723872
-6.044770074	0.006052525
-5.805511113	0.005066566
-5.996458167	0.005723872
-6.25017785	0.004409259
-6.205809769	0.004409259
-6.239989624	0.004409259
-6.16834339	0.005723872
-5.870255638	0.005066566
-6.241961539	0.004737912
-5.83640444	0.005395219
-6.253793027	0.005395219
-6.170643957	0.004080606
-6.198579415	0.004409259
-6.245576716	0.005395219
-6.004345825	0.005395219
-5.856452237	0.005066566
-6.249191893	0.005066566
-5.726634537	0.005723872
-6.108199994	0.006052525
-6.247548631	0.005066566
-6.250506503	0.005066566
-6.183790055	0.005066566
-5.992514338	0.004737912
-5.932042292	0.004737912
-6.25280707	0.005395219
-6.152896725	0.005395219
-6.244919411	0.004737912
-6.231773313	0.005066566
-6.137778713	0.006052525
-5.752926729	0.005723872
-6.25149246	0.004737912
-6.034253196	0.005395219
-6.098997725	0.005723872
-5.674378805	0.005395219
-6.248205935	0.005066566
-6.116744957	0.005395219
-5.68325242	0.005395219
-6.015520008	0.005395219
-6.246562673	0.004737912
-6.239332319	0.004409259
-6.232101965	0.005066566
-5.952418742	0.006052525
-6.094396591	0.004737912
-5.988570509	0.005723872
-5.662547319	0.006052525
-6.247548631	0.004737912
-6.024393623	0.004737912
-5.976739022	0.005066566
-6.200879983	0.005066566
-5.945845694	0.004409259
-5.661561362	0.005723872
-6.251163808	0.005066566
-6.019792489	0.005723872
-5.908050666	0.003751953
-5.866969114	0.005723872
-6.20318055	0.005395219
-6.214683385	0.004737912
-6.18444736	0.005066566
-5.99547221	0.004737912
-5.800581327	0.005723872
-6.202523245	0.004737912
-6.209753599	0.005066566
-6.252478417	0.004409259
-6.151582116	0.005395219
-5.924483287	0.005723872
-6.213697428	0.004080606
-5.845278055	0.005723872
-5.844292098	0.006052525
-5.798938065	0.005395219
-6.135149494	0.006052525
-5.856452237	0.004409259
-5.686867596	0.005395219
-5.991857033	0.006052525
-5.979696893	0.005395219
-6.242290191	0.004737912
-6.25017785	0.005395219
-5.884059039	0.004737912
-5.826216215	0.004737912
-6.118716872	0.005395219
-6.221913739	0.005395219
-5.980682851	0.006052525
-5.889646131	0.005066566
-6.233087923	0.005066566
-5.918567543	0.004080606
-5.647429309	0.005395219
-5.845606707	0.006052525
-6.139093323	0.005723872
-6.224542959	0.005066566
-6.215997995	0.005066566
-5.992514338	0.005723872
-6.158812469	0.004737912
-6.161113037	0.004409259
-6.212382818	0.003751953
-6.240975582	0.004737912
-6.072376878	0.005395219
-5.742738504	0.005395219
-5.935986121	0.006052525
-6.246234021	0.005395219
-6.25280707	0.004737912
-6.23407388	0.005066566
-6.171301262	0.006052525
-6.139750628	0.004409259
-5.76673013	0.004737912
-5.959649096	0.004737912
-6.242947496	0.004737912
-6.116744957	0.005723872
-5.691797382	0.005723872
-6.206795727	0.005395219
-6.238346362	0.004080606
-5.679637244	0.004409259
-5.747996943	0.005723872
-6.021764404	0.005723872
-6.082565104	0.006052525
-5.827202172	0.005395219
-6.109185951	0.005066566
-5.696069863	0.005723872
-5.958005833	0.004080606
-5.746682333	0.006052525
-6.016834617	0.006052525
-6.152239421	0.005395219
-6.072376878	0.005395219
-5.796637498	0.005723872
-6.138436018	0.005066566
-5.673064196	0.005723872
-5.942230517	0.004737912
-6.188062537	0.005395219
-6.218298562	0.004737912
-6.135149494	0.005066566
-5.748325595	0.005723872
-6.242618844	0.005066566
-5.969508668	0.004409259
-5.867626419	0.005066566
-5.92908442	0.005723872
-6.255107637	0.005066566
-5.654659662	0.005066566
-5.904764142	0.006052525
-6.204823812	0.005395219
-6.214683385	0.004409259
-6.25149246	0.004737912
-6.047727946	0.005723872
-5.661890014	0.005395219
-5.728935103	0.005723872
-6.068433049	0.005066566
-6.120360134	0.005395219
-6.017491922	0.005395219
-5.658274838	0.005723872
-6.244590759	0.005066566
-5.978710936	0.005066566
-5.794665584	0.005066566
-5.899177051	0.006052525
-6.108528646	0.005723872
-5.647757961	0.005066566
-6.131534317	0.006709832
-6.11444439	0.004080606
-5.805511113	0.004080606
-6.072048226	0.004409259
-6.25280707	0.004737912
-5.815699338	0.005395219
-6.214354733	0.005395219
-5.996129515	0.005066566
-6.145337719	0.003751953
-5.663204624	0.005395219
-5.700670997	0.005723872
-5.789078493	0.005723872
-5.690811425	0.005395219
-6.213697428	0.004409259
-6.244590759	0.005066566
-5.889317478	0.006052525
-6.250506503	0.005723872
-6.113787085	0.004409259
-6.166371476	0.004737912
-6.244919411	0.004737912
-6.06448922	0.005395219
-5.755227295	0.005066566
-6.122003396	0.004080606
-6.253135722	0.005395219
-6.224214306	0.004409259
-6.250835155	0.005066566
-6.133506231	0.006052525
-5.840019616	0.006052525
-6.185104665	0.005066566
-5.663861929	0.005395219
-6.247219978	0.005066566
-5.672735543	0.005066566
-6.250506503	0.005395219
-5.96162101	0.006052525
-6.228158136	0.004737912
-5.771002611	0.004737912
-5.735836804	0.004409259
-6.162098994	0.004409259
-6.20186594	0.004737912
-5.657617533	0.005066566
-6.110829213	0.006052525
-6.189377147	0.004737912
-6.039511635	0.004737912
-6.23144466	0.004737912
-6.178202964	0.005395219
-6.001059301	0.005395219
-5.956362571	0.004737912
-6.14007928	0.005723872
-5.964578882	0.004737912
-6.257079552	0.005395219
-6.155197293	0.005723872
-5.716774965	0.006052525
-6.249520545	0.004409259
-5.820629124	0.004409259
-5.729263756	0.005395219
-6.220927782	0.004737912
-5.648086614	0.005395219
-6.245248063	0.004737912
-5.669449019	0.005395219
-6.140407933	0.006052525
-6.247877283	0.004737912
-6.252478417	0.005066566
-5.895233222	0.005723872
-6.255107637	0.005395219
-6.174259134	0.006052525
-6.126275878	0.006052525
-5.670763629	0.005066566
5.940899608	0.069153941
5.029206893	0.035959967
5.35128989	0.116480006
3.227846859	0.223292315
3.669887707	0.339964237
4.147095062	0.460251362
4.044554599	0.579881198
4.364664962	0.698525091
2.144273135	0.804022861
1.568799977	0.890458739
0.488844206	0.948959073
2.153146797	1.00548749
4.383069671	1.066288408
4.099440037	1.173100844
5.576419476	1.234559084
4.346917564	1.297660597
3.745478373	1.354846349
4.045869221	1.417947873
3.127607165	1.488937094
1.444240176	1.581946132
4.72914407	1.59706421
4.304192351	1.60725248
4.534908549	1.613825557
5.515946699	1.753832125
4.721584987	1.804444835
4.29268941	1.820877534
5.193534922	1.821534842
3.771113471	1.896139301
4.218084626	1.98060339
4.496127186	1.972715692
5.28260074	1.966471265
4.575004538	2.060466332
5.305278018	2.103520021
5.921180206	2.088730586
4.677873772	2.107792525
5.347346015	2.140000631
5.706896096	2.20540281
4.668671412	2.210989931
4.567116802	2.23366707
5.814038137	2.261602677
5.441013053	2.295782716
4.955916612	2.30695696
4.54838343	2.262259986
5.007515598	2.316487933
5.932025877	2.312215428
5.11301418	2.321089093
5.771970093	2.264560565
5.133390856	2.374331082
4.857648496	2.383533402
5.496555974	2.324375635
5.452516024	2.420999991
4.619373055	2.42855904
5.73778981	2.367429343
5.786430982	2.467340249
5.598768113	2.463396397
5.39434386	2.407525165
5.050898189	2.402595351
5.856763498	2.434803472
4.648623413	2.440061941
5.20898176	2.370058577
6.064803209	2.470955447
5.858406781	2.472598718
5.745020254	2.394707648
4.978593872	2.499877028
4.64730879	2.500862991
5.895873641	2.438090015
4.704823543	2.525183413
6.100955461	2.525840722
4.752807287	2.50612146
5.105126435	2.543916711
6.079592766	2.541287477
5.926110056	2.582697928
4.823796943	2.550161144
4.924365643	2.543259403
5.076533359	2.581711965
6.062831268	2.526169376
5.861036035	2.525512067
5.351947202	2.585984472
5.10052525	2.5015203
5.977709162	2.494947213
4.704494888	2.600445265
5.35128989	2.517295708
4.977279249	2.57612484
5.797933963	2.608661625
6.121003529	2.523211487
5.918222296	2.645142265
5.925124086	2.613591441
6.058230073	2.528798611
4.703180265	2.655330552
5.971793341	2.620493184
6.026350363	2.536029007
6.101284117	2.649414773
5.220484725	2.62838089
4.782057653	2.542930748
5.967520803	2.624437037
5.174472868	2.637583214
5.421950988	2.57086637
6.114759048	2.673077892
5.104469123	2.638240522
6.050670966	2.608332971
5.189262393	2.612934133
5.226400536	2.63659725
5.479465844	2.644813611
5.220156069	2.609647589
4.737031809	2.655001898
4.721256332	2.651058045
5.022633773	2.571523679
5.319081579	2.639883794
5.873524987	2.577439458
4.926337578	2.556734232
4.730787349	2.618192603
4.850746723	2.630681471
4.743604924	2.559692121
6.078935452	2.644156302
5.621445408	2.631667434
4.775155881	2.553119034
4.733416595	2.638897831
4.899059138	2.626737618
5.329269922	2.545559983
6.100626804	2.631010125
5.492940754	2.623451074
5.816667389	2.543916711
6.050999623	2.633310706
4.763652928	2.629038199
5.869252451	2.54457402
5.305278018	2.637583214
5.055828029	2.630681471
5.384155515	2.550489799
5.705910126	2.637911868
5.115643429	2.634625324
6.084851275	2.552461725
5.952402593	2.638897831
5.840330666	2.635939941
4.702851609	2.663875568
6.131520549	2.629038199
4.727500791	2.615892022
5.867937824	2.650400736
5.52679236	2.578754075
6.117388303	2.744067255
6.13973697	2.640869758
5.381854921	2.54983249
4.791260016	2.602088537
4.711396659	2.643170339
4.865536237	2.623122419
4.883940967	2.642184375
4.757079812	2.641855721
6.004987673	2.547203255
5.184661207	2.696741012
4.709424724	2.637254559
5.246777217	2.59255756
5.619144813	2.704300065
5.239218126	2.633310706
5.16329856	2.540301513
6.041797232	2.697398321
5.519890576	2.632324743
6.100298147	2.53701497
6.096354265	2.679322326
4.705480855	2.635282633
6.123304127	2.608004317
4.83037006	2.702328138
5.292789082	2.631996088
6.00531633	2.609647589
5.389742672	2.663875568
6.066117836	2.67143462
5.06404443	2.659274406
4.83431393	2.661574987
4.849103444	2.656316516
6.126590695	2.633310706
4.704494888	2.595515449
6.127248009	2.633310706
4.764967551	2.620821838
4.732430628	2.533071117
5.208653104	2.628052235
5.650695834	2.616877985
5.277342241	2.527483993
4.805720872	2.623122419
4.944413654	2.610962206
6.06677515	2.516309745
5.162312592	2.621807802
6.096682922	2.602745846
6.056915445	2.508422041
4.826097534	2.608004317
5.980667073	2.598144685
6.145652794	2.504806843
6.133163833	2.605375081
6.098654863	2.600116611
5.431153364	2.509408004
4.713697249	2.609647589
5.556371435	2.602417192
4.719941709	2.610304897
4.717312462	2.611290861
4.821825008	2.603731809
5.149495004	2.644156302
5.815352763	2.608661625
6.023721109	2.599130648
4.888542149	2.632982052
5.51496073	2.596172758
6.04311186	2.633968015
5.315795017	2.610962206
5.998743194	2.578096767
4.849760755	2.654344589
5.546511743	2.601759883
5.630647789	2.502506263
4.706138167	2.677679054
4.928966825	2.604717772
4.718955741	2.504806843
4.993383391	2.678993672
5.334199765	2.598801993
5.950101996	2.562978665
4.90366032	2.675049819
4.89084274	2.595844104
5.459089151	2.567908481
5.484724345	2.672749237
4.848774788	2.591242942
5.11301418	2.604717772
6.090767098	2.672091929
5.330913203	2.589271016
5.137334729	2.598801993
5.229029785	2.671763274
5.647080613	2.586641781
6.105228	2.65960306
4.718627085	2.672091929
5.138649354	2.641527067
5.05911459	2.628709544
5.00817291	2.664861531
5.095595409	2.655659207
5.785445012	2.618521258
5.926110056	2.649743427
4.793560607	2.673735201
6.097997549	2.59255756
6.102598745	2.627723581
4.72289961	2.601759883
5.510359541	2.578096767
5.673373131	2.519596289
5.39960236	2.646128228
4.907275535	2.577110803
4.774498569	2.568237135
5.606984524	2.607675662
4.800133723	2.56856579
6.125276068	2.5843412
6.142694882	2.638897831
6.129877264	2.5656079
5.893573044	2.632653397
5.201422669	2.640541103
4.720270364	2.557720195
5.524820422	2.644156302
4.95690258	2.637911868
4.694963871	2.559034813
4.802434314	2.64547092
5.553413528	2.65960306
4.958874515	2.562321356
6.142366226	2.648757464
5.052870125	2.646128228
4.793560607	2.563635974
5.00324307	2.64547092
4.758394435	2.616549331
5.058457278	2.643827648
5.499185225	2.637911868
5.45383065	2.633310706
4.864221614	2.657959788
6.054614848	2.586641781
5.582006635	2.623451074
5.246777217	2.646456883
6.018462601	2.562650011
5.235931564	2.564950591
4.978922528	2.652372663
6.062502611	2.566265209
6.134807117	2.559363467
6.070719032	2.649414773
6.118374274	2.558706158
5.988883492	2.912995683
4.727829447	2.64547092
4.95361602	2.625423
4.781728997	2.660589023
4.735717186	2.643827648
4.88689887	2.554104997
4.920093116	2.702328138
4.810322054	2.644156302
4.753464598	2.552461725
6.108185911	2.671105965
5.348331983	2.642841684
5.775913971	2.611619515
5.98296767	2.705943337
5.530736236	2.63955514
5.576748133	2.609647589
6.064474552	2.629038199
5.99709991	2.65664517
4.988782207	2.666176149
6.01747663	2.626080309
4.876381881	2.66256095
6.101284117	2.644484956
4.705152199	2.569223098
6.071376345	2.64251303
4.746234171	2.630681471
5.92775334	2.546217292
5.51496073	2.636925905
6.088795157	2.628052235
5.341101546	2.543916711
4.783372276	2.632653397
4.69660715	2.622136456
4.701865642	2.53701497
4.913848653	2.627723581
5.482095095	2.613920096
6.085508589	2.528469956
4.721256332	2.619835875
5.723657579	2.610633552
5.737132497	2.525183413
6.082550678	2.619178566
6.016162003	2.614577405
5.075876047	2.525840722
4.941127095	2.623122419
6.098326206	2.61720664
4.748206105	2.530113228
4.739989711	2.627066272
5.167899746	2.620493184
5.865308571	2.597487376
4.796189853	2.625423
4.712382626	2.614906059
4.731444661	2.650400736
4.712711282	2.612276824
4.769240076	2.599130648
6.067432464	2.630024162
5.565245158	2.59255756
5.451858712	2.587627744
4.73768912	2.622136456
5.745020254	2.528141302
5.924466773	2.649743427
5.417021143	2.621807802
5.022962429	2.600116611
5.921837519	2.666176149
4.760037714	2.623122419
4.731773316	2.564950591
5.586279169	2.685895415
4.992397423	2.617535294
6.039496635	2.580397347
4.859291776	2.682937525
4.769568732	2.615563368
4.987138927	2.515323782
5.130761608	2.683923489
4.814265924	2.611619515
5.080148575	2.579740039
6.049027682	2.685895415
5.969164087	2.611948169
5.786102326	2.60077392
5.584635887	2.684909452
5.244476624	2.62016453
5.333542453	2.645142265
5.95273125	2.670120002
5.492612098	2.651715354
5.529750267	2.639226486
5.191234329	2.663218259
4.911219406	2.634953978
6.089452471	2.61424875
5.759481143	2.598144685
5.590551703	2.61424875
5.948130056	2.600445265
4.790274048	2.510393967
5.788074265	2.613262787
6.12823398	2.600445265
6.014847376	2.50612146
6.047055741	2.607347008
6.116402333	2.593214869
5.817653359	2.498233756
5.554728153	2.637583214
4.942770374	2.58959967
4.746234171	2.492975287
5.220484725	2.595844104
5.226400536	2.585655818
5.030521517	2.492975287
4.727829447	2.596172758
5.179731365	2.587956398
5.220484725	2.524854758
5.480780469	2.598473339
4.746234171	2.591900251
4.720927676	2.631667434
4.715340528	2.605046427
4.792574639	2.594200832
5.355233764	2.631667434
6.050013653	2.59781603
4.74393358	2.588285053
5.012116781	2.621479147
5.49326941	2.583026582
4.757408468	2.64251303
4.682474953	2.600445265
4.691020002	2.567579826
4.729472726	2.658288442
5.250063779	2.591242942
6.122646813	2.493303941
5.449558118	2.67143462
5.369037327	2.594858141
4.725200201	2.566265209
5.371666577	2.671105965
5.962919609	2.592228905
4.734731218	2.557062886
6.116073676	2.668148075
4.721584987	2.58959967
4.769897388	2.56034943
4.699236396	2.66847673
5.305278018	2.585655818
4.701536986	2.586970435
6.125933382	2.667490766
4.758065779	2.582697928
5.532379518	2.588942361
5.909348565	2.667162112
5.393029234	2.652372663
5.950101996	2.685566761
5.671729849	2.66551884
5.725629518	2.635282633
4.770226044	2.624108382
6.062831268	2.660589023
4.772526634	2.630352816
6.0063023	2.616549331
5.233959627	2.64251303
5.952073937	2.668148075
4.862249678	2.588285053
4.966762258	2.624437037
5.649381208	2.612605478
5.54223921	2.572509642
4.711396659	2.522882832
5.503129101	2.660589023
6.121660842	2.572509642
5.46369034	2.582697928
5.125503111	2.682608871
4.911219406	2.565279246
5.428195457	2.593214869
5.958318415	2.636268596
4.94638559	2.558706158
4.796518509	2.635939941
5.375939108	2.634625324
4.876710537	2.557391541
6.043440516	2.641198412
5.128132359	2.631667434
6.084851275	2.558048849
6.130205921	2.644156302
6.137107715	2.606361045
5.732202649	2.561006739
4.887556181	2.649414773
5.020661837	2.646785537
4.75017804	2.562978665
6.103256058	2.647114192
5.407818767	2.695755049
4.782057653	2.644484956
6.055272161	2.63955514
4.803420281	2.687538687
5.84000201	2.657959788
5.276684929	2.603731809
5.660555528	2.543259403
6.065789179	2.649086118
5.151795597	2.561664048
5.730888023	2.564950591
5.816010076	2.652044008
5.611914371	2.563307319
5.279642835	2.648428809
4.722570955	2.650072082
5.749292789	2.555748269
4.734731218	2.739794747
5.152781565	2.645142265
4.702194297	2.608332971
5.607641837	2.663875568
5.708210722	2.643827648
4.827412157	2.54983249
5.981324386	2.688524651
5.255322278	2.640212449
5.451858712	2.546874601
6.049684996	2.6773504
5.433782615	2.641527067
4.75017804	2.609318934
6.118702931	2.699698902
4.725857512	2.63659725
5.784459043	2.608661625
5.701308935	2.643170339
5.616515561	2.656973825
5.824226492	2.663546913
5.529092955	2.642841684
6.079921423	2.65960306
4.752149975	2.643170339
5.889629164	2.569880407
4.85896312	2.641198412
5.846903799	2.626408963
5.243819312	2.540630168
5.804835752	2.63659725
5.093623473	2.626080309
5.586607825	2.540630168
5.471578092	2.630681471
4.973335377	2.619178566
4.717312462	2.531427846
5.566231127	2.622136456
5.455473931	2.613262787
5.951416623	2.52419745
4.70975338	2.616220677
4.758065779	2.60899028
5.026248989	2.520910906
5.852490962	2.617535294
5.771970093	2.612605478
4.741961646	2.521896869
4.880983064	2.620821838
5.344388109	2.611948169
4.713039937	2.531099191
5.750278759	2.622793765
5.693749835	2.616549331
6.090109785	2.607018353
6.001701105	2.62246511
4.996998606	2.613591441
3.309681903	2.635939941
4.923708331	2.60077392
3.923609466	2.585984472
4.180289255	2.596172758
3.593311087	2.553447688
4.458660448	2.582697928
3.595283017	2.563307319
3.406963738	2.464053706
3.341890076	2.574152914
3.290948579	2.539644205
4.741961646	2.48410162
3.615659627	2.531427846
4.342316387	2.515981091
4.166485729	2.422643263
3.464478345	2.539644205
3.458562556	2.492317978
3.278131041	2.403581313
3.166059767	2.449264261
4.016290245	2.47424199
4.341987732	2.386819945
3.202211788	2.374988391
3.055960443	2.456166002
4.264753696	2.376631662
3.141739317	2.369401268
2.894919682	2.437432706
4.101411969	2.368415306
2.701999483	2.34179431
3.607771907	2.418042102
3.196624657	2.360198949
3.455933317	2.331934683
2.464053706	2.319117167
3.803650328	2.349353358
3.5479567	2.31780255
2.765758451	2.304985035
2.478514496	2.306628306
2.549175181	2.298740604
2.384519365	2.28132193
3.298836294	2.211975893
3.509175415	2.240240154
3.339260837	2.210332622
3.442129811	2.197186455
2.377946279	2.125868503
2.85942499	2.206717426
2.606361045	2.198501072
2.325032943	2.135070819
2.548846527	2.056193829
2.99910319	2.143615826
1.972387038	2.136056781
3.194652729	2.068025377
3.195310038	2.145259097
1.94576606	2.137042743
2.5843412	2.078213654
2.531099191	2.008538986
1.598378825	2.087415969
2.223150136	2.082157503
1.93196259	2.024314382
2.679979635	1.954968373
1.463302097	2.040089778
2.25634421	2.038446507
2.515323782	1.979288773
2.355269135	2.016426684
1.274326183	1.998350709
1.91158604	1.995392823
2.638897831	1.938535671
1.40644499	2.004923791
1.776509248	1.960555492
2.063752873	1.95956953
1.771579439	1.902055073
1.015347098	1.938207017
2.206717426	1.920131045
1.911914694	1.91815912
0.975251359	1.932619898
1.073847442	1.901397765
0.993327307	1.878720638
1.912243348	1.87477679
1.740028659	1.903369689
0.876326637	1.850785047
0.902947574	1.833366386
0.557861419	1.786368867
1.520487862	1.852756971
1.296017329	1.813647147
1.186904299	1.759747896
0.750123687	1.751860201
1.107041459	1.824821382
1.722281347	1.790312714
1.228643317	1.738714044
1.246390617	1.723267308
1.102768961	1.765992321
1.078777246	1.767306937
1.298975212	1.722938655
1.581617478	1.67396922
0.163477421	1.707163266
0.611103273	1.743315199
0.409310091	1.705191342
1.224699473	1.657207871
0.780359808	1.643404407
0.107606369	1.694017109
0.71265719	1.685800761
0.207845612	1.643075753
-0.081369221	1.600350748
1.166856424	1.594763633
0.147044758	1.662794987
1.029150549	1.631244213
-0.165175775	1.589176517
1.038681504	1.541193054
-0.23189236	1.556968438
-0.30288143	1.606595172
0.142443613	1.577673631
-0.466879308	1.537577861
-0.318328125	1.5195019
-0.375842413	1.528375554
0.326489451	1.559597669
0.486872286	1.527718246
-0.711397137	1.496496132
-0.162217897	1.484993248
-0.35415131	1.486307864
0.36691381	1.474147673
0.191412948	1.483678633
0.368228424	1.473490365
-0.816237426	1.441610946
-0.140855443	1.439967677
0.331747904	1.410388836
0.279820681	1.423534987
-0.602613003	1.412032105
-0.934552473	1.39165557
0.075398353	1.390669609
-0.697922366	1.357804232
-1.060755177	1.32428155
-1.027232585	1.333483855
-0.767596792	1.34268616
-1.495234176	1.311464054
-0.513876691	1.31376463
-0.300909511	1.281556565
-0.853703859	1.250005808
-1.562279334	1.217469091
-0.372884535	1.275969451
-1.126814399	1.248033886
-1.509694897	1.251649076
-1.74895407	1.227000049
-0.685433553	1.200050446
-1.809426162	1.169485654
-1.3788911	1.186246991
-1.04728041	1.194463333
-1.829473975	1.180002571
-1.328935878	1.173100844
-2.005960445	1.148451819
-0.972347555	1.121830873
-1.963892909	1.092580699
-1.984926677	1.146479897
-1.787735086	1.124788756
-2.253435855	1.1287326
-1.866283073	1.107698766
-1.957977161	1.083378397
-1.550447836	1.059715336
-1.695383681	1.032108432
-1.258932833	1.081406475
-1.843606039	1.057743414
-1.834075112	1.040324772
-2.476919595	1.040982079
-1.99281434	1.019948248
-2.022721729	0.999571725
-2.381939009	0.974594052
-1.841962776	0.995956536
-2.664251533	1.00088634
-1.63556889	0.981495778
-1.669748771	0.986754235
-1.664490328	0.967363673
-2.125261345	0.948301766
-2.59589181	0.927267937
-2.876561044	0.902947574
-2.795055228	0.928253898
-2.928159482	0.925296016
-2.539034924	0.905905456
-2.233059395	0.885857589
-2.508470238	0.889472779
-2.988960188	0.873697408
-3.060277772	0.854964157
-3.047131674	0.835902252
-3.178592652	0.825713993
-2.132163049	0.851677621
-2.634344155	0.83853148
-2.871302604	0.821441497
-2.696459479	0.805666128
-2.339871481	0.810267277
-3.283761431	0.795477869
-3.292306394	0.778059234
-3.292635047	0.760311945
-3.025769264	0.75603945
-2.458843705	0.762612519
-3.587436261	0.744865231
-2.603122166	0.740921389
-2.695802174	0.725803329
-2.772378206	0.709370655
-3.040558624	0.695238556
-3.110232944	0.69753913
-3.618000934	0.684721645
-3.111218902	0.669274933
-2.939333666	0.672561467
-3.210800591	0.671246853
-3.093143017	0.656128794
-3.259441151	0.640682082
-3.787914219	0.637395548
-3.5381384	0.623920757
-3.813877758	0.608802699
-3.974917423	0.596313869
-3.154929677	0.586125613
-3.827023853	0.58776888
-4.07022661	0.575937357
-4.093889581	0.572650823
-3.945338709	0.570021595
-4.152389702	0.558847379
-3.602882923	0.544715283
-3.971959551	0.530254533
-4.134971126	0.515136477
-4.05773782	0.499032461
-3.572975555	0.491473433
-3.665326879	0.477998644
-3.649551564	0.46879635
-4.597384995	0.454664255
-4.050507468	0.44250408
-3.833925553	0.431329866
-4.378831179	0.419169692
-4.625649098	0.417526425
-3.914445386	0.406352211
-4.631236188	0.400107798
-4.863593403	0.392220117
-4.905003601	0.38170321
-4.905989558	0.36987169
-4.914534519	0.35804017
-4.806079241	0.345551344
-4.321317016	0.334705784
-4.461651573	0.322874265
-5.108110759	0.312028705
-4.99406839	0.303483719
-4.437988603	0.293295467
-4.680862694	0.284750481
-4.483999933	0.274562228
-4.61480357	0.266674549
-4.602314781	0.257143604
-4.898430553	0.249255925
-5.176799103	0.241039593
-4.893172116	0.231179994
-4.691050917	0.224935582
-4.864250708	0.219677129
-5.472586239	0.211460798
-5.009515051	0.202915812
-5.029891497	0.195028134
-5.542589197	0.185497189
-5.545547068	0.176952204
-5.218537954	0.172351059
-5.667148453	0.163477421
-5.194217679	0.154603783
-5.667148453	0.147044758
-5.09989445	0.138499774
-5.706915393	0.128640176
-5.598788755	0.120423845
-5.819971819	0.110892901
-5.309246008	0.102676571
-5.36774613	0.09347428
-5.924154634	0.082957377
-5.642828175	0.075069699
-5.409484982	0.066196062
-5.579726916	0.058308385
-5.998430082	0.049106095
-6.119374177	0.039246499
-6.150267506	0.031358822
-6.019792489	0.023142492
-5.630996689	0.014926162
-6.222242392	0.007367138
-6.230458703	0.0034233
-6.148952896	0.003094646
-5.710530569	0.00243734
-6.261352034	0.002765993
-6.089795457	0.0034233
-5.987913204	0.0034233
-6.212382818	0.003751953
-6.204823812	0.005395219
-6.125618573	0.006052525
-6.23275927	0.005066566
-6.144680414	0.006052525
-5.739123328	0.005395219
-6.249191893	0.005395219
-5.763772258	0.004737912
-5.6530164	0.004737912
-5.657288881	0.005723872
-6.173601829	0.004737912
-6.080264537	0.004409259
-5.672078239	0.005066566
-5.658932143	0.005395219
-5.657617533	0.006052525
-6.148295591	0.005395219
-6.121346091	0.005395219
-5.670434977	0.006052525
-5.995143557	0.005723872
-6.044770074	0.004737912
-6.131205664	0.004737912
-6.248205935	0.005066566
-6.151910768	0.006052525
-5.718418227	0.005395219
-6.251821112	0.004737912
-5.989885118	0.004409259
-5.807154375	0.005066566
-6.084208366	0.005395219
-6.212054166	0.004409259
-5.887674216	0.005066566
-6.245576716	0.004737912
-6.086837585	0.004409259
-6.195621543	0.004409259
-6.249520545	0.005395219
-6.099983683	0.005395219
-6.199565373	0.005066566
-6.255436289	0.005066566
-5.844949402	0.004409259
-5.6530164	0.006052525
-5.672078239	0.004409259
-6.175573744	0.004409259
-6.177874311	0.005395219
-5.89096074	0.005723872
-6.23538849	0.005066566
-6.239989624	0.005066566
-5.886688259	0.003751953
-6.064817872	0.004080606
-6.247877283	0.004409259
-6.06186	0.005723872
-5.673721501	0.005723872
-6.173601829	0.005395219
-6.144351762	0.004409259
-5.654002357	0.004737912
-6.082893756	0.006052525
-5.985612637	0.005723872
-5.677665329	0.005723872
-6.247548631	0.004737912
-5.712173831	0.005723872
-6.18839119	0.005066566
-6.19792211	0.004409259
-6.251163808	0.005395219
-5.651044485	0.005395219
-6.175902397	0.004409259
-6.138107366	0.004737912
-5.678979939	0.005723872
-5.987584552	0.006381178
-6.220270477	0.005723872
-6.247548631	0.004737912
-6.054300994	0.005395219
-6.242290191	0.005066566
-6.238675014	0.005395219
-6.091438719	0.006381178
-5.678979939	0.005395219
-6.052986385	0.005723872
-6.235059837	0.004409259
-6.228158136	0.004737912
-6.238017709	0.004737912
-5.906407404	0.004409259
-5.93039903	0.004737912
-5.657617533	0.005066566
-5.784806012	0.005395219
-5.866311809	0.005395219
-5.733536237	0.005723872
-6.09012411	0.005066566
-5.972795192	0.005723872
-5.701656954	0.005395219
-6.255436289	0.005395219
-5.793679627	0.006052525
-6.251821112	0.005395219
-5.744710419	0.004409259
-5.651373138	0.005395219
-5.688182206	0.004409259
-6.08618028	0.004737912
-6.184776013	0.005066566
-6.066461134	0.004080606
-6.082893756	0.004409259
-6.207781684	0.004409259
-6.191020409	0.004737912
-5.956033919	0.006052525
-6.109185951	0.004737912
-5.673064196	0.005723872
-5.969180016	0.005723872
-6.250506503	0.006052525
-6.180503531	0.005723872
-5.966222144	0.004737912
-5.654002357	0.005066566
-5.6530164	0.005395219
-5.774289135	0.004409259
-6.255107637	0.005066566
-5.932370945	0.005395219
-6.23538849	0.004737912
-6.252478417	0.004409259
-5.989885118	0.004737912
-5.794336932	0.005066566
-6.14007928	0.004737912
-6.223885654	0.004737912
-5.910351233	0.005723872
-6.173273177	0.004080606
-5.742738504	0.005395219
-6.230458703	0.005395219
-5.761471691	0.005723872
-6.146652329	0.005723872
-6.251821112	0.005395219
-6.25280707	0.004737912
-6.149610201	0.005723872
-5.811426857	0.005723872
-6.227829483	0.004409259
-6.242947496	0.004737912
-6.150267506	0.005723872
-6.249849198	0.004737912
-6.215669343	0.005395219
-6.144351762	0.005723872
-5.767716087	0.006052525
-6.239660972	0.005066566
-5.890632088	0.005066566
-6.135149494	0.005395219
-5.690811425	0.006052525
-6.242618844	0.005066566
-6.039182983	0.006381178
-5.742738504	0.004737912
-5.897533788	0.005723872
-6.204495159	0.005395219
-6.23407388	0.004737912
-6.238346362	0.005395219
-5.669120367	0.006052525
-6.249520545	0.005395219
-5.769030696	0.004409259
-5.662547319	0.004737912
-5.693111992	0.005395219
-6.182475445	0.004737912
-6.143694457	0.005723872
-5.784806012	0.006052525
-5.767387434	0.004737912
-5.823586996	0.006052525
-5.656960228	0.005395219
-6.255107637	0.005066566
-5.857766846	0.006052525
-6.237689057	0.004737912
-5.833446568	0.004737912
-5.825887563	0.004737912
-6.247877283	0.005066566
-5.796637498	0.005066566
-6.006975045	0.005723872
-6.246891326	0.004409259
-6.216983953	0.004737912
-6.243604801	0.004080606
-6.186747927	0.004737912
-5.99284299	0.005066566
-6.08749489	0.004737912
-6.147309634	0.005395219
-6.008618307	0.004409259
-6.00368852	0.004737912
-6.209096294	0.005395219
-6.200222678	0.005066566
-6.059230781	0.005395219
-5.745696376	0.004737912
-5.980354198	0.005066566
-5.758842472	0.005066566
-6.21402608	0.004409259
-6.160127079	0.004737912
-5.708558655	0.006052525
-6.251163808	0.004737912
-5.901477617	0.005066566
-5.738794675	0.005395219
-5.976739022	0.005066566
-5.727949146	0.005723872
-6.251163808	0.005066566
-6.134163536	0.005723872
-5.837390397	0.005723872
-6.165385518	0.004080606
-5.7489829	0.005723872
-6.212382818	0.005066566
-6.218627215	0.004409259
-6.25017785	0.005066566
-5.687196249	0.005723872
-6.253464375	0.004409259
-5.738137371	0.004737912
-5.657288881	0.005066566
-5.702314259	0.005395219
-6.188719842	0.004737912
-6.158155165	0.005395219
-5.795322889	0.005723872
-6.162427646	0.004737912
-6.130548359	0.004080606
-6.053972342	0.006052525
-5.927769811	0.004737912
-5.708558655	0.005723872
-6.05364369	0.005723872
-6.190034452	0.004737912
-6.198579415	0.005395219
-5.933685554	0.006052525
-6.098340421	0.005723872
-6.250835155	0.004409259
-6.252149765	0.005066566
-6.226186221	0.005066566
-6.10228425	0.006052525
-5.663533276	0.006381178
-6.028337452	0.006052525
-6.001387953	0.006709832
-5.882087125	0.004080606
-6.127590488	0.006052525
-6.207453031	0.005066566
5.995456627	-0.277246488
4.504672232	0.040232458
3.909805948	0.124696337
3.263012921	0.231508647
4.859620431	0.345551344
5.153110221	0.459265402
4.77285529	0.583167732
4.023849316	0.699839705
1.806088105	0.805337475
0.091502361	0.90722007
0.278834721	0.966049059
2.305313689	1.028821896
5.170857651	1.09718185
5.255322278	1.163569888
5.584635887	1.223713512
4.167471695	1.279584642
5.147523068	1.318037129
4.017604866	1.40644499
2.610633552	1.541850361
2.854823826	1.566170746
4.962818387	1.575701708
5.181374646	1.609224403
4.274942015	1.652278062
5.685533422	1.766320975
5.663513437	1.790312714
4.934882632	1.798529064
4.376167905	1.844869275
4.55594251	1.964827995
4.893800643	1.963513378
5.295418332	1.945108752
5.529092955	1.977974157
4.931596073	2.077227692
4.478379783	2.084786736
4.784358244	2.064738836
5.925452743	2.093003089
4.652238625	2.201787614
4.36992345	2.178124513
5.945500802	2.188312792
5.964562892	2.220520902
4.567116802	2.273762883
4.523734258	2.275734809
4.636791807	2.291181557
4.635477184	2.335878534
4.574675883	2.343108927
4.683789576	2.34869605
5.282929397	2.302355801
4.73768912	2.381890131
5.183017927	2.347052778
5.536652051	2.345738161
5.788074265	2.285594435
5.128132359	2.393064376
4.618058432	2.396679573
5.444956929	2.324704289
5.808122318	2.432831546
4.684118231	2.434146163
4.702522953	2.360856257
5.893244388	2.464053706
5.945829459	2.465039669
6.092410383	2.396022265
5.92972528	2.491003361
5.345702733	2.492975287
4.78074303	2.426915768
5.295418332	2.521896869
4.800462379	2.524854758
5.885685284	2.454851385
5.535994739	2.546545946
5.143579195	2.501848954
4.983852368	2.47884315
5.406832798	2.561335393
5.778871881	2.52945592
6.108843225	2.501848954
4.685104199	2.549503836
4.808678775	2.521239561
6.116402333	2.514666474
5.477493906	2.550818453
4.727829447	2.521568215
6.038182008	2.588285053
4.881311719	2.546217292
5.633934354	2.51893898
4.784686899	2.606689699
5.137006073	2.549503836
4.653881904	2.460438508
4.802434314	2.629366853
5.817982016	2.563635974
5.751264729	2.529784574
4.760037714	2.641855721
5.945172146	2.571523679
5.114328804	2.446635027
5.411433986	2.647114192
4.693977904	2.579411384
5.532708175	2.542930748
5.421950988	2.651715354
4.862578334	2.582369274
5.774928002	2.536686315
5.090008257	2.65960306
5.124845798	2.584669854
4.728158103	2.572509642
4.977936561	2.666504803
5.711825943	2.590256979
4.703180265	2.631010125
4.953287364	2.671105965
5.710182661	2.61424875
5.746992193	2.632653397
5.802535155	2.665190185
5.193206266	2.638897831
5.167899746	2.626737618
5.839344696	2.656316516
4.697264461	2.626408963
5.777885911	2.606361045
5.912306475	2.597487376
5.062729806	2.608661625
4.70975338	2.594529486
4.71829843	2.505135497
6.028650961	2.608004317
4.813608612	2.596830067
5.610271089	2.502834917
5.891272447	2.604389118
4.972349409	2.590256979
4.692334625	2.495604522
4.891171396	2.609647589
4.992726079	2.58729909
4.874738602	2.491660669
4.985824304	2.592228905
4.698579084	2.584012546
5.219827413	2.491660669
5.597124831	2.594858141
5.804178438	2.589928325
5.967192146	2.543916711
5.642150765	2.598473339
4.818209794	2.58959967
4.857648496	2.631667434
6.00827424	2.601102574
5.507072977	2.593543523
5.649381208	2.632982052
6.037524694	2.598144685
6.071376345	2.587627744
5.170857651	2.621479147
4.855676561	2.585984472
4.819195761	2.647771501
5.973107968	2.599459302
5.634920323	2.569223098
4.700551019	2.657631133
6.091424412	2.592228905
4.827083502	2.494947213
5.866294541	2.673735201
4.743276269	2.598473339
4.743604924	2.566922518
5.1330622	2.673077892
5.975408565	2.590914288
6.123961441	2.559034813
6.109829196	2.669462693
5.744691598	2.586970435
4.926337578	2.567908481
4.80506356	2.666504803
6.126262039	2.584669854
5.160997968	2.586641781
4.692005969	2.667490766
5.227386504	2.58138331
6.098654863	2.561335393
4.778113783	2.669462693
5.537638021	2.620821838
5.308235924	2.68918196
5.643794048	2.664861531
6.004659016	2.634953978
5.552756215	2.625094346
4.874738602	2.661903641
4.8382578	2.629366853
6.13447846	2.614906059
4.764310239	2.644813611
6.136450402	2.69805563
4.796189853	2.588613707
4.765296207	2.624108382
5.827513058	2.592228905
4.693649248	2.574810223
5.632948384	2.580397347
5.819953956	2.62838089
4.801777002	2.573495605
6.030951558	2.597487376
4.844830918	2.655001898
4.730458693	2.566265209
5.111699556	2.644484956
4.743276269	2.638240522
5.442984991	2.558377504
5.815352763	2.639226486
4.744590892	2.628709544
6.116402333	2.55509096
4.845816885	2.643827648
5.283258053	2.638569177
4.776470504	2.558048849
6.15354056	2.643498993
5.174472868	2.660589023
4.957231236	2.558048849
6.0063023	2.647442846
4.761680993	2.644156302
